    1/30     100/100     0.248     0.564       7.8       1.1      9.71        56      9.71    0.00249     0.0274    0.00291
    2/30     100/100      0.23     0.411      2.33     0.678      3.65        58     0.893     0.0148     0.0633     0.0185
    3/30     100/100     0.219     0.369      2.15     0.592      3.33        68     0.898     0.0209     0.0786      0.027
    4/30     100/100     0.206     0.342      2.01     0.536      3.09        90     0.901     0.0205     0.0883     0.0259
    5/30     100/100     0.199     0.327      1.94     0.506      2.97        81     0.904     0.0386     0.0704     0.0622
    6/30     100/100     0.192     0.308      1.82     0.481       2.8        43     0.893     0.0445      0.112     0.0582
    7/30     100/100     0.188     0.295      1.77     0.462      2.71        79     0.918     0.0562     0.0528     0.0939
    8/30     100/100     0.184     0.282      1.73     0.452      2.64        72     0.911     0.0676      0.129     0.0855
    9/30     100/100     0.179     0.276      1.66      0.44      2.56        55     0.898     0.0657      0.124     0.0859
   10/30     100/100     0.174     0.268      1.63     0.421       2.5        53     0.891     0.0667       0.11     0.0874
   11/30     100/100     0.171     0.265      1.59     0.419      2.45        46     0.915     0.0661      0.117     0.0881
   12/30     100/100     0.169     0.255      1.56      0.41       2.4        56     0.906     0.0658      0.163     0.0779
   13/30     100/100     0.164     0.246      1.53     0.397      2.34        33     0.893     0.0855      0.129      0.107
   14/30     100/100     0.163     0.243       1.5      0.39      2.29        51      0.91     0.0827      0.143      0.107
   15/30     100/100     0.161     0.236      1.49     0.382      2.27        58     0.903     0.0906      0.103      0.123
