    1/30   1144/1144     0.195     0.328      2.25     0.456      3.23        54      9.55     0.0692      0.136     0.0899
    2/30   1144/1144     0.156     0.229       1.4     0.292      2.07        61     0.877      0.136      0.186      0.173
    3/30   1144/1144     0.138     0.201      1.26     0.251      1.85        56     0.871      0.147      0.214      0.185
    4/30   1144/1144     0.126     0.183      1.18     0.227      1.71        48      0.87      0.185      0.273       0.22
    5/30   1144/1144     0.118     0.171      1.12     0.213      1.62        73     0.877      0.205      0.275      0.247
    6/30   1144/1144     0.113     0.162      1.07     0.202      1.55        47     0.881      0.203      0.353      0.224
    7/30   1144/1144     0.108     0.155      1.04     0.194      1.49        42     0.895      0.221      0.327      0.256
    8/30   1144/1144     0.105     0.149         1     0.187      1.44        57     0.885      0.235      0.326      0.271
    9/30   1144/1144     0.102     0.145     0.981     0.181      1.41        33     0.884      0.243      0.311      0.288
   10/30   1144/1144    0.0999     0.142     0.964     0.176      1.38        61     0.872      0.259      0.348      0.296
   11/30   1144/1144    0.0971     0.138     0.944     0.172      1.35        71     0.875      0.264       0.37      0.298
   12/30   1144/1144    0.0951     0.135     0.931      0.17      1.33        47     0.879      0.281      0.346      0.326
   13/30   1144/1144    0.0932     0.132     0.917     0.165      1.31        61     0.867      0.283      0.369      0.324
   14/30   1144/1144    0.0917     0.129     0.903     0.162      1.29        52     0.886      0.283      0.386      0.317
   15/30   1144/1144    0.0905     0.128     0.892      0.16      1.27        47     0.888      0.295      0.367      0.339
   16/30   1144/1144    0.0895     0.127     0.883     0.157      1.26        61     0.894      0.295      0.395       0.33
   17/30   1144/1144    0.0879     0.124      0.87     0.153      1.24        66     0.861      0.289      0.384      0.323
   18/30   1144/1144    0.0869     0.122     0.866     0.151      1.23        58     0.885      0.301      0.409      0.335
   19/30   1144/1144    0.0862     0.121     0.853     0.148      1.21        53      0.87      0.309       0.38      0.353
   20/30   1144/1144    0.0853      0.12     0.845     0.146       1.2        58     0.882      0.305      0.413      0.338
   21/30   1144/1144    0.0842     0.119      0.84     0.146      1.19        38     0.878      0.312      0.401      0.349
   22/30   1144/1144    0.0834     0.117     0.831     0.143      1.17        50     0.879      0.319      0.394      0.357
   23/30   1144/1144    0.0828     0.116     0.827     0.142      1.17        91      0.87      0.325      0.401      0.364
   24/30   1144/1144    0.0819     0.115      0.82      0.14      1.16        48     0.874      0.321      0.389      0.362
   25/30   1144/1144    0.0814     0.114     0.814     0.137      1.15        39     0.872      0.324      0.427      0.357
   26/30   1144/1144    0.0808     0.113     0.809     0.136      1.14        61     0.882      0.323      0.418      0.361
   27/30   1144/1144    0.0803     0.112     0.806     0.135      1.13        54     0.892      0.325      0.416      0.362
   28/30   1144/1144      0.08     0.111     0.798     0.131      1.12        42     0.884      0.334      0.389      0.378
   29/30   1144/1144    0.0791     0.111     0.789     0.131      1.11        23      0.87      0.324      0.435      0.354
   31/60   1144/1144    0.0783      0.11     0.791      0.13      1.11        54      9.46      0.327       0.42      0.365
   32/60   1144/1144    0.0781     0.108     0.782     0.128       1.1        61     0.885      0.338      0.421      0.376
   33/60   1144/1144    0.0776     0.108     0.777     0.126      1.09        56     0.885      0.339       0.43      0.375
   34/60   1144/1144    0.0771     0.107     0.773     0.125      1.08        48     0.869      0.341      0.429      0.379
   35/60   1144/1144    0.0765     0.107     0.769     0.123      1.08        73     0.878      0.334      0.426      0.373
   36/60   1144/1144    0.0763     0.106     0.765     0.123      1.07        47     0.872      0.346      0.437      0.383
   37/60   1144/1144     0.076     0.105     0.762     0.121      1.06        42     0.878      0.343      0.437      0.379
   38/60   1144/1144    0.0756     0.105     0.756     0.119      1.06        57     0.868      0.345      0.449      0.377
   39/60   1144/1144    0.0748     0.104     0.749     0.118      1.05        33     0.877      0.349      0.415      0.391
   40/60   1144/1144    0.0751     0.103     0.749     0.117      1.04        61     0.908      0.353       0.44      0.389
   41/60   1144/1144    0.0743     0.103     0.743     0.115      1.04        71     0.887       0.35      0.443      0.387
   42/60   1144/1144    0.0742     0.102     0.743     0.115      1.03        47     0.869      0.355      0.433      0.394
   43/60   1144/1144    0.0736     0.101     0.737     0.113      1.03        61     0.868      0.361      0.431      0.402
   44/60   1144/1144    0.0732     0.101     0.731     0.112      1.02        52     0.887      0.349      0.441      0.384
   45/60   1144/1144    0.0731       0.1     0.729     0.111      1.01        47     0.881      0.351      0.437      0.387
   46/60   1144/1144    0.0729     0.101     0.726      0.11      1.01        61     0.865      0.349      0.454      0.382
   47/60   1144/1144    0.0722    0.0996     0.722     0.108         1        66     0.867       0.35      0.449      0.384
   48/60   1144/1144    0.0721    0.0992     0.721     0.107     0.999        58     0.853      0.356      0.455      0.391
   49/60   1144/1144     0.072    0.0986     0.715     0.106     0.991        53     0.839      0.365      0.429      0.407
   50/60   1144/1144    0.0717    0.0981      0.71     0.104     0.984        58     0.851      0.358      0.455      0.392
   51/60   1144/1144    0.0695     0.093     0.682    0.0976     0.942        38     0.837      0.367      0.452      0.404
   52/60   1144/1144    0.0687    0.0923     0.674    0.0955      0.93        50     0.851      0.365      0.451      0.402
   53/60   1144/1144    0.0686    0.0917     0.669     0.095     0.925        91     0.861      0.364      0.455      0.399
   54/60   1144/1144    0.0684    0.0916     0.667    0.0938     0.921        48     0.856      0.366      0.455      0.403
   55/60   1144/1144    0.0682    0.0912     0.663    0.0928     0.915        39      0.86      0.364      0.459      0.399
   56/60   1144/1144    0.0683    0.0913     0.663     0.092     0.914        61     0.847      0.367      0.457      0.402
   57/60   1144/1144     0.068     0.091     0.661    0.0914     0.911        54      0.86      0.369      0.456      0.405
   58/60   1144/1144    0.0682    0.0907     0.657    0.0897     0.905        42     0.827      0.367      0.457      0.402
   59/60   1144/1144    0.0678    0.0909      0.65    0.0901     0.899        23     0.836      0.369      0.456      0.406
  61/100   1144/1144    0.0675    0.0904     0.653    0.0894     0.901        54      9.66       0.37      0.456      0.406
  62/100   1144/1144    0.0678    0.0899     0.648    0.0894     0.896        61     0.869      0.366      0.458      0.402
  63/100   1144/1144    0.0674    0.0901     0.645     0.088     0.891        56     0.889      0.368       0.45      0.406
  64/100   1144/1144    0.0673      0.09     0.643    0.0873     0.887        48      0.87      0.369      0.463      0.404
  65/100   1144/1144    0.0672      0.09      0.64    0.0874     0.885        73     0.899      0.369      0.457      0.405
  66/100   1144/1144    0.0673    0.0898     0.639    0.0869     0.883        47     0.874      0.371      0.451      0.408
  67/100   1144/1144    0.0673    0.0897     0.638    0.0857     0.881        42     0.887      0.371      0.457      0.407
  68/100   1144/1144    0.0672    0.0893     0.633    0.0854     0.875        57     0.881       0.37      0.453      0.407
  69/100   1144/1144    0.0667    0.0891     0.627    0.0847     0.867        33     0.875      0.371      0.456      0.407
  70/100   1144/1144    0.0673    0.0893     0.628    0.0845     0.869        61     0.882      0.371      0.456      0.408
  71/100   1144/1144    0.0668    0.0889     0.625    0.0824     0.863        71     0.896      0.371      0.459      0.406
  72/100   1144/1144    0.0669    0.0888     0.622    0.0827      0.86        47     0.869      0.372      0.453      0.409
  73/100   1144/1144    0.0666    0.0883     0.617    0.0815     0.853        61     0.891      0.371      0.454      0.408
  74/100   1144/1144    0.0665    0.0881      0.61    0.0813     0.846        52     0.871      0.371      0.451      0.408
  75/100   1144/1144    0.0665     0.088     0.607    0.0801     0.842        47     0.878      0.372      0.451      0.409
  76/100   1144/1144    0.0664    0.0881       0.6    0.0792     0.834        61     0.886      0.371      0.453      0.408
  77/100   1144/1144    0.0661    0.0876     0.595    0.0775     0.826        66     0.869      0.368      0.458      0.404
  78/100   1144/1144    0.0663    0.0874     0.591     0.077     0.821        58     0.895      0.371      0.457      0.407
  79/100   1144/1144    0.0663    0.0872      0.58    0.0755     0.809        53     0.873      0.371      0.454      0.408
  80/100   1144/1144    0.0661    0.0867     0.572    0.0738     0.798        58     0.889      0.372      0.453      0.408
  81/100   1144/1144    0.0672    0.0894     0.641    0.0843     0.882        38     0.884      0.373      0.457       0.41
  82/100   1144/1144    0.0669    0.0893     0.636    0.0841     0.877        50     0.877      0.371      0.456      0.407
  83/100   1144/1144     0.067    0.0891     0.635    0.0839     0.875        91      0.89      0.369       0.46      0.404
  84/100   1144/1144    0.0668     0.089     0.633    0.0834     0.872        48     0.879      0.371      0.458      0.407
  85/100   1144/1144    0.0668    0.0887      0.63    0.0827     0.868        39      0.87      0.369      0.464      0.403
  86/100   1144/1144    0.0668     0.089      0.63    0.0819     0.868        61     0.866      0.368      0.459      0.404
  87/100   1144/1144    0.0666    0.0886     0.628    0.0817     0.865        54     0.872      0.372      0.459      0.408
  88/100   1144/1144    0.0668    0.0884     0.625    0.0804     0.861        42     0.867       0.37      0.461      0.405
  89/100   1144/1144    0.0665    0.0887     0.619    0.0804     0.855        23     0.898      0.372      0.459      0.408
  90/100   1144/1144    0.0673    0.0902     0.661    0.0858     0.905        46     0.888      0.373      0.456       0.41
  91/100   1144/1144    0.0671    0.0901     0.661    0.0864     0.905        58     0.867       0.37      0.457      0.406
  92/100   1144/1144    0.0669    0.0899      0.66    0.0865     0.903        81     0.869      0.369      0.457      0.405
  93/100   1144/1144     0.067    0.0897     0.661    0.0846     0.902        54     0.834       0.37      0.465      0.404
  94/100   1144/1144     0.067    0.0897     0.659    0.0855     0.901        49     0.846      0.372      0.458      0.408
  95/100   1144/1144    0.0672    0.0901     0.658    0.0852     0.901        68     0.844      0.372      0.458      0.408
  96/100   1144/1144    0.0669    0.0893     0.655    0.0856     0.897        65     0.837      0.371      0.456      0.407
  97/100   1144/1144    0.0667    0.0894     0.659    0.0849       0.9        26     0.845      0.373      0.457      0.409
  98/100   1144/1144    0.0667    0.0895     0.657    0.0842     0.897        33     0.854      0.372      0.459      0.408
  99/100   1144/1144    0.0669    0.0891     0.655    0.0846     0.896        39     0.851      0.372      0.455      0.409
