    1/30   1867/1867     0.189     0.312       2.1     0.483      3.09        11      8.96     0.0876      0.131      0.115
    2/30   1867/1867     0.147      0.22      1.41     0.333      2.11        27     0.664      0.139      0.182      0.173
    3/30   1867/1867     0.128     0.191      1.26     0.293      1.87        27     0.674      0.174       0.25      0.202
    4/30   1867/1867     0.117     0.173      1.16     0.269      1.72        34     0.691      0.194      0.264      0.227
    5/30   1867/1867      0.11     0.162       1.1     0.255      1.63        37     0.688       0.21      0.279      0.241
    6/30   1867/1867     0.104     0.153      1.06     0.243      1.56        23     0.667      0.215      0.336      0.238
    7/30   1867/1867       0.1     0.148      1.02     0.235      1.51        37     0.673      0.217      0.343      0.237
    8/30   1867/1867    0.0969     0.142     0.995     0.228      1.46        38     0.673      0.245      0.332      0.275
    9/30   1867/1867    0.0943     0.138     0.972     0.221      1.42        42     0.691      0.243      0.317      0.276
   10/30   1867/1867     0.092     0.134      0.95     0.215      1.39        38     0.678      0.255      0.353      0.284
   11/30   1867/1867    0.0899     0.131     0.934     0.211      1.37        40     0.673      0.265      0.341      0.297
   12/30   1867/1867     0.088     0.128     0.919     0.206      1.34        33     0.684      0.268      0.353        0.3
   13/30   1867/1867    0.0867     0.126     0.906     0.202      1.32        29     0.677      0.271      0.367      0.299
   14/30   1867/1867     0.085     0.124     0.893     0.197       1.3        13     0.695      0.274      0.379      0.304
   15/30   1867/1867    0.0838     0.122      0.88     0.193      1.28        31     0.687       0.28      0.363      0.313
   16/30   1867/1867    0.0826      0.12      0.87     0.191      1.26        28     0.673      0.281      0.367      0.313
   17/30   1867/1867    0.0819     0.118     0.865     0.187      1.25        27     0.665      0.302      0.371      0.337
   18/30   1867/1867    0.0811     0.117     0.855     0.185      1.24        14      0.66      0.299       0.39       0.33
   19/30   1867/1867    0.0799     0.116     0.847     0.182      1.23        38      0.69      0.307      0.399      0.337
   20/30   1867/1867    0.0791     0.115     0.838     0.179      1.21        33     0.679       0.31      0.388      0.343
   21/30   1867/1867    0.0783     0.113     0.831     0.177       1.2        17     0.707      0.303      0.369      0.335
   22/30   1867/1867    0.0778     0.112     0.826     0.174      1.19        31     0.686      0.314      0.386      0.347
   23/30   1867/1867     0.077     0.111     0.819     0.172      1.18        32     0.668      0.304      0.411      0.334
   24/30   1867/1867    0.0762      0.11     0.812     0.169      1.17        22     0.663      0.313      0.412      0.341
   25/30   1867/1867    0.0755     0.109     0.809     0.167      1.16        30     0.691       0.32      0.405      0.351
   26/30   1867/1867    0.0753     0.108       0.8     0.165      1.15        29      0.69      0.325        0.4      0.359
   27/30   1867/1867    0.0744     0.107     0.794     0.163      1.14        31     0.662       0.33      0.392      0.364
   28/30   1867/1867     0.074     0.106     0.792     0.161      1.13        31     0.675      0.332      0.395      0.367
   29/30   1867/1867    0.0734     0.105     0.784     0.159      1.12        19     0.674      0.329      0.419      0.359
   31/50   1867/1867     0.073     0.105     0.781     0.159      1.12        11      8.85      0.337      0.409       0.37
   32/50   1867/1867    0.0724     0.104     0.778     0.156      1.11        27     0.682      0.332      0.419      0.363
   33/50   1867/1867     0.072     0.103     0.772     0.154       1.1        27     0.696      0.339      0.424      0.371
   34/50   1867/1867    0.0717     0.102     0.768     0.152      1.09        34     0.686      0.341      0.408      0.377
   35/50   1867/1867    0.0711     0.101     0.762      0.15      1.08        37     0.672      0.339        0.4      0.374
   36/50   1867/1867    0.0706     0.101     0.757     0.149      1.08        23     0.675      0.334      0.453       0.36
   37/50   1867/1867    0.0702       0.1     0.753     0.148      1.07        37     0.676      0.337      0.437      0.365
   38/50   1867/1867      0.07    0.0992     0.749     0.146      1.06        38     0.683      0.343      0.441      0.373
   39/50   1867/1867    0.0696    0.0988     0.746     0.145      1.06        42     0.678      0.334      0.432      0.364
   40/50   1867/1867    0.0693    0.0981      0.74     0.143      1.05        38     0.693      0.347       0.42       0.38
   41/50   1867/1867     0.069    0.0976     0.737     0.142      1.05        40     0.693      0.349      0.422      0.382
   42/50   1867/1867    0.0685    0.0973     0.734     0.141      1.04        33     0.683      0.353      0.427      0.387
   43/50   1867/1867    0.0683    0.0968      0.73     0.138      1.03        29     0.663      0.347      0.434      0.379
   44/50   1867/1867    0.0678    0.0963     0.726     0.138      1.03        13     0.685       0.35       0.43      0.383
   45/50   1867/1867    0.0676    0.0957     0.722     0.135      1.02        31     0.681      0.349      0.437      0.382
   46/50   1867/1867    0.0673    0.0952     0.719     0.135      1.02        28     0.702      0.344      0.443      0.373
   47/50   1867/1867    0.0673    0.0948      0.72     0.135      1.02        27     0.687      0.357      0.434      0.391
   48/50   1867/1867    0.0672    0.0947     0.714     0.133      1.01        14     0.682      0.357       0.45      0.387
   49/50   1867/1867    0.0667    0.0943     0.711     0.132         1        38     0.683      0.357      0.445      0.388
