    1/30     622/622     0.214     0.385      3.09     0.714      4.41       210      14.6     0.0462       0.12     0.0585
    2/30     622/622     0.174      0.27      1.76     0.497       2.7       248      1.86     0.0627      0.114     0.0798
    3/30     622/622     0.157     0.236      1.58     0.441      2.41       229      1.79      0.111      0.148      0.137
    4/30     622/622     0.146     0.217      1.49     0.409      2.26       251      1.85      0.124      0.159      0.151
    5/30     622/622     0.137     0.204      1.41     0.388      2.13       210      1.74      0.141      0.186      0.165
    6/30     622/622      0.13     0.192      1.34     0.373      2.04       285      1.87      0.147      0.223      0.167
    7/30     622/622     0.125     0.186       1.3      0.36      1.97       244      1.95      0.156      0.232      0.176
    8/30     622/622     0.121     0.178      1.25     0.349       1.9       174      1.84      0.164       0.25      0.183
    9/30     622/622     0.117     0.172      1.22     0.339      1.85       257      1.81      0.173      0.224      0.198
   10/30     622/622     0.114     0.167      1.19     0.333       1.8       225       1.9      0.174       0.26      0.196
   11/30     622/622     0.112     0.163      1.16     0.323      1.76       202      1.84      0.187       0.24      0.213
   12/30     622/622     0.109     0.159      1.13     0.316      1.72       223      1.81      0.189      0.252      0.214
   13/30     622/622     0.107     0.155      1.11     0.313      1.69       208      1.79      0.188      0.259       0.21
   14/30     622/622     0.105     0.152       1.1     0.306      1.66       187      1.78      0.205      0.244      0.235
   15/30     622/622     0.103     0.149      1.08     0.301      1.64       223      1.91      0.201      0.264      0.226
   16/30     622/622     0.101     0.147      1.06     0.298      1.61       212      1.86      0.208      0.303      0.228
   17/30     622/622    0.0991     0.145      1.05     0.292      1.59       250       1.9      0.217      0.302      0.239
   18/30     622/622    0.0978     0.141      1.04     0.288      1.56       267      1.79      0.214      0.272       0.24
   19/30     622/622    0.0965     0.141      1.02     0.285      1.54       222      1.84      0.222      0.301      0.244
   20/30     622/622    0.0951     0.139      1.01      0.28      1.53       185      1.81      0.227      0.292      0.252
   21/30     622/622    0.0934     0.137         1     0.277      1.51       194      1.77      0.227      0.303       0.25
   22/30     622/622    0.0931     0.135     0.987     0.274      1.49       262      1.91      0.219      0.266      0.248
   23/30     622/622    0.0913     0.133     0.982     0.267      1.47       192      1.88      0.236      0.303      0.259
   24/30     622/622    0.0907     0.132     0.972     0.265      1.46       232      1.79      0.231       0.31      0.254
   25/30     622/622    0.0892      0.13     0.961     0.263      1.44       238      1.84      0.239      0.297      0.265
   26/30     622/622     0.089     0.129     0.954      0.26      1.43       232      1.91      0.242      0.308      0.267
   27/30     622/622    0.0881     0.128     0.947     0.257      1.42       244      1.77      0.249      0.306      0.275
   28/30     622/622    0.0877     0.128     0.939     0.255      1.41       187      1.88      0.255      0.324       0.28
   29/30     622/622    0.0873     0.126     0.934     0.253       1.4       225      1.79      0.251      0.316      0.276
   31/60     622/622    0.0861     0.126     0.922     0.249      1.38       210      14.5      0.251      0.288      0.284
   32/60     622/622    0.0853     0.123     0.917     0.244      1.37       248      1.82      0.249      0.352      0.271
   33/60     622/622    0.0844     0.123     0.908     0.242      1.36       229      1.82      0.259      0.312      0.288
   34/60     622/622    0.0839     0.122     0.907      0.24      1.35       251      1.81      0.252      0.308      0.281
   35/60     622/622    0.0834      0.12     0.897     0.237      1.34       210      1.91      0.256      0.337       0.28
   36/60     622/622    0.0827     0.119     0.892     0.236      1.33       285      1.85      0.257      0.322      0.284
   37/60     622/622     0.082     0.119     0.882     0.233      1.32       244      1.68      0.257       0.34       0.28
   38/60     622/622    0.0819     0.118     0.877      0.23      1.31       174      1.83      0.264      0.346      0.288
   39/60     622/622    0.0809     0.117     0.868     0.227      1.29       257      1.84      0.267      0.349      0.291
   40/60     622/622    0.0807     0.117     0.865     0.226      1.29       225      1.89      0.263      0.348      0.286
   41/60     622/622    0.0806     0.115     0.858     0.222      1.28       202      1.86       0.27      0.341      0.296
   42/60     622/622    0.0796     0.115     0.853      0.22      1.27       223       1.8      0.265      0.341      0.288
   43/60     622/622    0.0793     0.114     0.845     0.219      1.26       208      1.75      0.273      0.337      0.299
   44/60     622/622    0.0789     0.113     0.843     0.215      1.25       187      2.21      0.274      0.355      0.298
   45/60     622/622    0.0784     0.112      0.84     0.214      1.25       223      2.24      0.268      0.339      0.294
   46/60     622/622    0.0782     0.112     0.833     0.213      1.24       212      1.92      0.274      0.354      0.299
   47/60     622/622    0.0776     0.112     0.829      0.21      1.23       250      1.78      0.282      0.346      0.308
   48/60     622/622    0.0774      0.11     0.824     0.208      1.22       267      2.13      0.267      0.356      0.291
   49/60     622/622    0.0769      0.11     0.813     0.206      1.21       222      2.37      0.277      0.348      0.302
   50/60     622/622    0.0766      0.11     0.815     0.204      1.21       185      1.93       0.28      0.357      0.304
   51/60     622/622    0.0739     0.104     0.776     0.191      1.15       194      1.96      0.287      0.355      0.314
   52/60     622/622    0.0737     0.103     0.759     0.189      1.12       262      1.92       0.29      0.353      0.318
   53/60     622/622    0.0728     0.102      0.76     0.183      1.12       192      1.89      0.288      0.347      0.316
   54/60     622/622     0.073     0.102     0.754     0.182      1.11       232      1.82      0.292      0.356      0.318
   55/60     622/622    0.0724     0.101     0.752     0.183      1.11       238      1.77      0.289      0.363      0.315
   56/60     622/622    0.0724       0.1     0.745     0.181       1.1       232      1.81      0.291      0.359      0.318
   57/60     622/622    0.0723     0.101     0.738      0.18      1.09       244      1.91      0.293      0.363      0.319
   58/60     622/622    0.0726     0.101     0.739     0.181      1.09       187      1.82      0.292      0.359       0.32
   59/60     622/622    0.0724       0.1     0.737     0.179      1.09       225      1.84      0.292      0.359      0.319
  61/100     622/622    0.0721     0.101     0.731     0.178      1.08       210      14.4      0.292      0.367      0.317
  62/100     622/622     0.072    0.0997     0.731     0.176      1.08       248      1.79      0.293      0.358      0.321
  63/100     622/622    0.0718    0.0999     0.727     0.175      1.07       229       1.9      0.292      0.366      0.318
  64/100     622/622    0.0718    0.0996     0.726     0.175      1.07       251      1.83      0.293      0.366       0.32
  65/100     622/622    0.0717    0.0995      0.72     0.173      1.06       210      1.77      0.293       0.36       0.32
  66/100     622/622    0.0716    0.0989     0.716     0.172      1.06       285      1.84      0.295      0.367      0.322
  67/100     622/622    0.0715    0.0989     0.713     0.171      1.05       244      1.75      0.294      0.356      0.322
  68/100     622/622    0.0715    0.0986      0.71      0.17      1.05       174      1.87      0.292      0.361      0.319
  69/100     622/622     0.071    0.0986     0.703     0.169      1.04       257      1.93      0.292      0.365      0.318
  70/100     622/622    0.0712    0.0986     0.701     0.168      1.04       225       1.9      0.294      0.362      0.321
  71/100     622/622    0.0713    0.0979     0.695     0.167      1.03       202         2      0.294      0.365       0.32
  72/100     622/622    0.0708    0.0979     0.692     0.164      1.02       223      1.88      0.296      0.368      0.322
  73/100     622/622    0.0711    0.0975     0.684     0.165      1.02       208       1.9      0.296      0.372      0.322
  74/100     622/622    0.0709    0.0975     0.682     0.162      1.01       187      1.87      0.295      0.357      0.322
  75/100     622/622    0.0709    0.0967     0.678     0.161      1.01       223      1.88      0.294      0.359       0.32
  76/100     622/622    0.0709    0.0975     0.668     0.161     0.997       212      1.84      0.294       0.36      0.321
  77/100     622/622    0.0704     0.097     0.665     0.158      0.99       250      1.82      0.295      0.362      0.321
  78/100     622/622    0.0708    0.0959     0.658     0.157     0.981       267      1.95      0.294      0.361       0.32
  79/100     622/622    0.0703     0.096     0.642     0.155     0.963       222      1.85      0.292       0.36      0.319
  80/100     622/622    0.0702    0.0959     0.638     0.152     0.956       185      1.82      0.293      0.355      0.321
  81/100     622/622    0.0713    0.0992     0.722     0.169      1.06       194      1.84      0.293      0.357      0.321
  82/100     622/622    0.0715    0.0989     0.712      0.17      1.05       262      1.89      0.296      0.358      0.323
  83/100     622/622    0.0708    0.0981     0.714     0.165      1.05       192       1.8      0.296      0.356      0.324
  84/100     622/622    0.0712    0.0985     0.711     0.165      1.05       232      1.71      0.295      0.361      0.321
  85/100     622/622    0.0706    0.0982      0.71     0.166      1.04       238      1.87      0.295       0.37      0.321
  86/100     622/622    0.0707    0.0973     0.703     0.164      1.04       232      1.84      0.296      0.363      0.322
  87/100     622/622    0.0707    0.0978     0.696     0.164      1.03       244       1.9      0.295      0.364      0.321
  88/100     622/622    0.0711    0.0982     0.699     0.164      1.03       187       1.9      0.296      0.361      0.323
  89/100     622/622    0.0709    0.0972     0.697     0.163      1.03       225      1.95      0.296      0.363      0.323
  90/100     622/622     0.071    0.0993     0.741     0.171      1.08       199       1.9      0.295      0.363      0.321
  91/100     622/622    0.0709     0.099     0.739     0.172      1.08       256       1.9      0.296      0.362      0.322
  92/100     622/622    0.0713    0.0997     0.741     0.172      1.08       220      1.87      0.294      0.362       0.32
  93/100     622/622    0.0708    0.0988     0.737      0.17      1.08       148      1.89      0.295      0.364      0.322
  94/100     622/622     0.071     0.099      0.74      0.17      1.08       289      1.89      0.296      0.368      0.322
  95/100     622/622    0.0708    0.0992     0.736      0.17      1.08       196      1.93      0.299      0.365      0.326
  96/100     622/622    0.0707     0.099     0.734     0.169      1.07       239      1.88      0.298      0.366      0.324
  97/100     622/622    0.0707    0.0988     0.733     0.169      1.07       257      1.93      0.297      0.367      0.323
  98/100     622/622    0.0707    0.0988     0.735     0.169      1.07       216      1.92        0.3      0.374      0.325
  99/100     622/622    0.0706    0.0987     0.734     0.167      1.07       193      1.87      0.296      0.372      0.321
