    1/49     252/252     0.238     0.491      4.77     0.894      6.39       264      16.2      0.022     0.0786     0.0269
    2/49     252/252     0.216      0.37      2.28     0.579      3.44       249      2.47     0.0427      0.118     0.0508
    3/49     252/252     0.203     0.326      2.08     0.508      3.12       267      2.46     0.0539     0.0931     0.0716
    4/49     252/252     0.192     0.297      1.94     0.468       2.9       223      2.54     0.0619     0.0975     0.0831
    5/49     252/252     0.184     0.279      1.85     0.437      2.75       286      2.64     0.0775      0.125     0.0964
    6/49     252/252     0.177     0.268       1.8     0.421      2.66       217      2.43     0.0885      0.103       0.12
    7/49     252/252      0.17     0.251      1.73     0.398      2.55       301      2.51     0.0922      0.131      0.115
    8/49     252/252     0.166     0.244      1.69     0.387      2.49       273      2.39     0.0883      0.155      0.106
    9/49     252/252     0.162     0.236      1.64     0.374      2.41       323      2.48      0.099      0.153      0.122
   10/49     252/252     0.158     0.228       1.6     0.364      2.35       251      2.58      0.109      0.128      0.139
   11/49     252/252     0.154     0.221      1.57     0.352       2.3       224      2.47       0.11      0.161      0.135
   12/49     252/252      0.15     0.218      1.54     0.347      2.26       268      2.48      0.118      0.157      0.147
   13/49     252/252     0.148     0.211       1.5     0.338       2.2       343      2.57      0.123      0.174      0.148
   14/49     252/252     0.145     0.208      1.48     0.334      2.17       260      2.51      0.135      0.175      0.163
   15/49     252/252     0.142     0.202      1.46     0.325      2.13       263      2.51      0.132      0.171       0.16
   16/49     252/252      0.14       0.2      1.44      0.32       2.1       234      2.61      0.135      0.183      0.163
   17/49     252/252     0.138     0.196      1.41     0.312      2.06       303      2.55       0.14       0.19      0.167
   18/49     252/252     0.135     0.191      1.39     0.308      2.03       278      2.51       0.14      0.206      0.163
   19/49     252/252     0.133      0.19      1.38     0.303         2       270       2.5      0.147      0.194      0.174
   20/49     252/252     0.131     0.188      1.35     0.298      1.97       239      2.57      0.152      0.182      0.183
   21/49     252/252      0.13     0.184      1.34     0.297      1.95       276      2.49      0.151      0.204      0.179
   22/49     252/252     0.129     0.183      1.32      0.29      1.92       239      2.63      0.154      0.206      0.182
   23/49     252/252     0.128     0.178      1.31     0.284       1.9       269      2.51      0.158      0.218      0.186
   24/49     252/252     0.125     0.177      1.29     0.282      1.88       262      2.57      0.158      0.224      0.184
   25/49     252/252     0.125     0.177      1.28     0.279      1.86       313      2.51      0.157      0.214      0.184
   26/49     252/252     0.123     0.173      1.26     0.273      1.83       277      2.54      0.161      0.233      0.187
   27/49     252/252     0.122     0.171      1.25      0.27      1.81       278      2.61      0.162      0.232      0.189
   28/49     252/252     0.121      0.17      1.24     0.266      1.79       307      2.43      0.179      0.233      0.209
   29/49     252/252     0.119     0.167      1.23     0.265      1.78       267      2.55      0.177      0.238      0.206
   30/49     252/252     0.118     0.167      1.22     0.262      1.77       305      2.61      0.188       0.24      0.219
   31/49     252/252     0.118     0.164       1.2     0.258      1.74       199      2.44      0.178      0.246      0.203
   32/49     252/252     0.117     0.163       1.2     0.256      1.74       241      2.52      0.182      0.258      0.208
   33/49     252/252     0.115     0.161      1.18     0.255      1.72       265      2.52      0.186      0.267       0.21
   34/49     252/252     0.114      0.16      1.17     0.253      1.69       226      2.51      0.187        0.3      0.207
   35/49     252/252     0.113     0.159      1.17     0.249      1.69       245      2.53      0.191      0.218       0.23
   36/49     252/252     0.113     0.157      1.17     0.248      1.68       246      2.47      0.197      0.273      0.223
   37/49     252/252     0.112     0.156      1.15     0.245      1.66       278       2.5      0.199      0.265      0.229
   38/49     252/252     0.111     0.154      1.15     0.243      1.65       288      2.44      0.194      0.238       0.23
   39/49     252/252      0.11     0.154      1.13      0.24      1.64       284      2.45      0.201      0.272      0.229
   40/49     252/252      0.11     0.152      1.13     0.237      1.63       259       2.5      0.196      0.297      0.216
   41/49     252/252     0.109     0.151      1.11     0.238      1.61       216      2.55      0.195      0.267      0.222
   42/49     252/252     0.109     0.151      1.12     0.233      1.62       220      2.61      0.199      0.272      0.226
   43/49     252/252     0.107     0.149       1.1     0.232      1.59       263       2.5      0.202      0.266      0.231
   44/49     252/252     0.108     0.148       1.1      0.23      1.59       248       2.5      0.211       0.26      0.244
   45/49     252/252     0.106     0.146      1.09     0.225      1.57       226      2.44      0.212      0.267      0.242
   46/49     252/252     0.105     0.146      1.09     0.224      1.56       249      2.33      0.208      0.273      0.236
   47/49     252/252     0.105     0.145      1.08     0.223      1.55       224      2.43      0.217      0.325      0.239
   48/49     252/252     0.104     0.143      1.07      0.22      1.53       273      2.42       0.22      0.291      0.248
   49/49     252/252     0.104     0.142      1.07     0.218      1.53       253      2.37       0.21      0.284      0.237
  51/100     252/252       0.1     0.134      1.02     0.203      1.45       264      17.1      0.229      0.289      0.257
  52/100     252/252    0.0997     0.132         1     0.203      1.43       249      2.43      0.228      0.297      0.256
  53/100     252/252    0.0995     0.132      0.99       0.2      1.42       267      2.43      0.228      0.294      0.256
  54/100     252/252    0.0991      0.13     0.981     0.199      1.41       223      2.55      0.228      0.291      0.257
  55/100     252/252    0.0982     0.131     0.981     0.197      1.41       286      2.42       0.23      0.304      0.258
  56/100     252/252     0.099     0.131     0.976     0.198       1.4       217       2.5      0.227      0.296      0.256
  57/100     252/252     0.098     0.129     0.972     0.197       1.4       301      2.51      0.231      0.294      0.259
  58/100     252/252    0.0975     0.129     0.971     0.195      1.39       273      2.51      0.229      0.298      0.258
  59/100     252/252    0.0972     0.129     0.962     0.194      1.38       323       2.5       0.23      0.301      0.259
  60/100     252/252    0.0975     0.129     0.958     0.195      1.38       251      2.53      0.233      0.297      0.262
  61/100     252/252    0.0972     0.129     0.955     0.194      1.37       224       2.5       0.23      0.296      0.257
  62/100     252/252    0.0971     0.128     0.958     0.194      1.38       268      2.52       0.23        0.3      0.258
  63/100     252/252    0.0969     0.129     0.953      0.19      1.37       343      2.55      0.231      0.302       0.26
  64/100     252/252    0.0964     0.128     0.952     0.192      1.37       260      2.33       0.23      0.302      0.258
  65/100     252/252     0.097     0.128     0.945     0.191      1.36       263      2.47      0.233      0.298      0.262
  66/100     252/252    0.0964     0.127      0.94     0.189      1.35       234       2.4      0.233      0.301      0.261
  67/100     252/252    0.0962     0.127     0.945     0.188      1.36       303      2.52      0.232      0.292      0.262
  68/100     252/252    0.0959     0.127     0.937     0.188      1.35       278      2.49      0.233        0.3      0.262
  69/100     252/252    0.0956     0.127     0.931     0.187      1.34       270      2.54      0.233      0.294      0.262
  70/100     252/252    0.0963     0.127     0.927     0.186      1.34       239      2.41      0.234      0.297      0.263
  71/100     252/252    0.0961     0.127     0.926      0.19      1.34       276      2.59      0.235      0.302      0.264
  72/100     252/252    0.0968     0.127     0.925     0.184      1.33       239      2.45      0.235      0.304      0.264
  73/100     252/252    0.0965     0.126     0.919     0.182      1.32       269      2.54      0.236      0.303      0.265
  74/100     252/252     0.095     0.126     0.919     0.184      1.32       262      2.48      0.233      0.298      0.261
  75/100     252/252    0.0954     0.127     0.903     0.183      1.31       313      2.55      0.234      0.307      0.261
  76/100     252/252    0.0951     0.125     0.905      0.18      1.31       277      2.49      0.235      0.308      0.262
  77/100     252/252    0.0954     0.124     0.901      0.18       1.3       278      2.51      0.237      0.296      0.267
  78/100     252/252    0.0952     0.125     0.897     0.179       1.3       307      2.56      0.237      0.301      0.265
  79/100     252/252    0.0948     0.124     0.895      0.18      1.29       267       2.5      0.236      0.303      0.264
  80/100     252/252     0.095     0.124     0.897      0.18       1.3       305      2.54      0.235      0.303      0.263
  81/100     252/252    0.0946     0.124     0.885     0.176      1.28       199      2.58      0.235      0.306      0.263
  82/100     252/252    0.0946     0.124     0.888     0.176      1.28       241      2.55      0.235        0.3      0.263
  83/100     252/252    0.0945     0.123      0.88     0.174      1.27       265      2.53      0.239      0.311      0.266
  84/100     252/252    0.0943     0.123     0.865     0.175      1.26       226      2.58      0.239        0.3      0.268
  85/100     252/252    0.0937     0.123     0.872     0.174      1.26       245      2.57      0.236      0.303      0.264
  86/100     252/252    0.0939     0.122     0.872     0.174      1.26       246      2.49      0.238      0.305      0.268
  87/100     252/252    0.0942     0.123     0.857     0.172      1.25       278      2.37      0.235      0.313      0.261
  88/100     252/252    0.0937     0.122      0.86     0.172      1.25       288      2.53      0.238       0.31      0.266
  89/100     252/252    0.0941     0.122     0.848     0.172      1.24       284      2.39      0.237      0.304      0.266
  90/100     252/252    0.0939     0.121     0.847      0.17      1.23       259      2.62      0.239      0.304      0.268
  91/100     252/252    0.0934     0.122     0.834      0.17      1.22       216      2.51      0.236      0.307      0.265
  92/100     252/252    0.0942     0.122     0.845     0.167      1.23       220      2.59      0.235       0.31      0.263
  93/100     252/252    0.0933     0.121     0.831     0.167      1.21       263      2.41      0.237      0.306      0.265
  94/100     252/252    0.0938      0.12     0.822     0.166       1.2       248      2.28      0.239      0.304      0.268
  95/100     252/252    0.0933      0.12     0.817     0.163      1.19       226      2.49      0.237      0.299      0.267
  96/100     252/252    0.0928      0.12     0.807     0.162      1.18       249      2.53      0.236      0.299      0.263
  97/100     252/252    0.0929     0.119     0.802     0.163      1.18       224      2.58      0.236      0.302      0.266
  98/100     252/252    0.0929     0.119      0.79      0.16      1.16       273      2.46      0.237      0.306      0.265
  99/100     252/252    0.0927     0.118     0.784      0.16      1.15       253      2.37      0.236      0.294      0.264
 101/200     337/337    0.0947     0.125     0.917     0.173      1.31        40      8.76      0.241      0.303      0.271
 102/200     337/337    0.0945     0.125     0.912     0.175      1.31        32     0.669      0.238      0.302      0.268
 103/200     337/337    0.0947     0.125     0.906     0.174       1.3        57     0.658      0.238      0.308      0.267
 104/200     337/337    0.0945     0.124     0.898     0.174      1.29        42      0.66      0.232      0.295      0.261
 105/200     337/337    0.0941     0.124     0.901     0.173      1.29        28     0.661      0.236      0.311      0.264
 106/200     337/337    0.0948     0.125     0.895     0.174      1.29        51     0.675      0.235      0.297      0.265
 107/200     337/337    0.0938     0.123     0.893     0.172      1.28        54     0.664      0.238      0.302      0.267
 108/200     337/337    0.0933     0.123     0.892     0.171      1.28        54     0.673      0.238      0.313      0.265
 109/200     337/337    0.0932     0.123     0.885      0.17      1.27        62     0.683      0.237      0.309      0.265
 110/200     337/337    0.0936     0.123     0.882     0.171      1.27        30     0.707      0.239      0.301      0.269
 111/200     337/337    0.0935     0.122      0.88     0.171      1.27        22     0.684      0.237      0.303      0.266
 112/200     337/337    0.0932     0.122     0.881      0.17      1.27        37     0.673      0.236      0.307      0.264
 113/200     337/337    0.0932     0.123     0.877     0.167      1.26        62     0.663       0.24      0.306      0.269
 114/200     337/337    0.0927     0.123     0.879     0.171      1.27        41     0.669       0.24       0.31      0.269
 115/200     337/337    0.0932     0.122     0.871     0.166      1.25        55     0.668      0.241      0.303      0.271
 116/200     337/337    0.0926     0.122     0.865     0.166      1.25        39     0.677       0.24        0.3      0.271
 117/200     337/337    0.0925     0.122     0.873     0.166      1.25        51     0.694      0.236      0.301      0.264
 118/200     337/337    0.0922     0.121     0.863     0.165      1.24        58     0.675       0.24      0.307      0.267
 119/200     337/337     0.092     0.122     0.859     0.164      1.24        39     0.663      0.243      0.299      0.274
 120/200     337/337    0.0925     0.121     0.855     0.161      1.23        40     0.673       0.24      0.305      0.269
 121/200     337/337    0.0924     0.122     0.856     0.166      1.24        29     0.675       0.24        0.3      0.271
 122/200     337/337    0.0932     0.121     0.852     0.161      1.23        38     0.674      0.239      0.305      0.268
 123/200     337/337    0.0931     0.121      0.85     0.158      1.22        48     0.678      0.242        0.3      0.271
 124/200     337/337    0.0915      0.12      0.85     0.161      1.22        62     0.679       0.24      0.309      0.269
 125/200     337/337    0.0924     0.121     0.837      0.16      1.21        53     0.667       0.24      0.309      0.268
 126/200     337/337    0.0916      0.12     0.833     0.157       1.2        56     0.694      0.241      0.311      0.268
 127/200     337/337    0.0919      0.12     0.831     0.157       1.2        45     0.676      0.242        0.3      0.274
 128/200     337/337    0.0919      0.12     0.827     0.156      1.19        44     0.683      0.241      0.306       0.27
 129/200     337/337    0.0914     0.119     0.824     0.157      1.19        44     0.674      0.242      0.301      0.272
 130/200     337/337    0.0914     0.119      0.83     0.156       1.2        43     0.676      0.237        0.3      0.268
 131/200     337/337    0.0912     0.119     0.814     0.153      1.18        28     0.679      0.238      0.315      0.265
 132/200     337/337    0.0915     0.119     0.817     0.154      1.18        50     0.673      0.239       0.31      0.267
 133/200     337/337    0.0912     0.118      0.81     0.151      1.17        42     0.679      0.244      0.315       0.27
 134/200     337/337     0.091     0.118     0.798     0.152      1.16        48     0.668      0.242      0.307      0.272
 135/200     337/337    0.0904     0.118     0.806     0.151      1.17        52     0.676      0.239      0.302      0.269
 136/200     337/337    0.0906     0.117     0.804     0.152      1.16        26     0.676       0.24      0.296      0.271
 137/200     337/337    0.0909     0.118     0.789     0.149      1.15        56     0.676      0.242      0.316       0.27
 138/200     337/337    0.0906     0.117     0.794     0.151      1.15        52     0.679      0.239      0.307      0.267
 139/200     337/337    0.0909     0.118     0.782     0.151      1.14        48     0.686      0.236      0.303      0.266
 140/200     337/337    0.0908     0.117     0.782     0.149      1.14        36     0.669      0.242      0.309       0.27
 141/200     337/337      0.09     0.117     0.771     0.147      1.13        34     0.673      0.244      0.316      0.272
 142/200     337/337    0.0909     0.117     0.784     0.146      1.14        32     0.675      0.239      0.301      0.267
 143/200     337/337    0.0903     0.117     0.768     0.146      1.12        31     0.681      0.247      0.305      0.277
 144/200     337/337    0.0906     0.116     0.764     0.145      1.12        37     0.664      0.242      0.297      0.272
 145/200     337/337    0.0901     0.116     0.758     0.143      1.11        32     0.678      0.239        0.3       0.27
 146/200     337/337    0.0898     0.116     0.753     0.144       1.1        39      0.67      0.241      0.299      0.271
 147/200     337/337    0.0898     0.115     0.746     0.142      1.09        46     0.669      0.243      0.306      0.272
 148/200     337/337    0.0901     0.115     0.742      0.14      1.09        29     0.666      0.241       0.31       0.27
 149/200     337/337    0.0896     0.114     0.736     0.141      1.08        34      0.67      0.237      0.296      0.266
 150/200     337/337    0.0913     0.122     0.883     0.158      1.25        51      0.68      0.242      0.307      0.271
 151/200     337/337    0.0919     0.122     0.876     0.157      1.25        53     0.677       0.24      0.299      0.271
 152/200     337/337    0.0918      0.12     0.884     0.157      1.25        50     0.676      0.239      0.293      0.271
 153/200     337/337    0.0914     0.121      0.88     0.156      1.25        70     0.674      0.242      0.308       0.27
 154/200     337/337     0.091      0.12     0.875     0.156      1.24        37     0.674      0.243      0.315      0.271
 155/200     337/337    0.0911      0.12      0.87     0.153      1.23        45     0.669      0.241      0.292      0.273
 156/200     337/337    0.0904     0.119     0.858     0.153      1.22        74     0.675      0.246      0.307      0.277
 157/200     337/337    0.0911     0.119     0.875     0.154      1.24        53     0.674      0.244      0.304      0.276
 158/200     337/337    0.0911     0.119     0.861     0.154      1.22        57     0.675      0.243      0.309      0.272
 159/200     337/337    0.0911     0.119     0.865     0.152      1.23        45     0.685      0.242      0.305      0.273
 160/200     337/337    0.0908     0.119     0.864      0.15      1.22        33     0.673      0.237        0.3      0.267
 161/200     337/337    0.0903     0.119     0.867     0.152      1.23        53     0.678       0.24      0.301      0.269
 162/200     337/337    0.0899     0.119     0.861      0.15      1.22        42     0.667      0.243      0.306      0.273
 163/200     337/337    0.0905     0.118     0.858     0.149      1.22        58     0.676      0.238      0.299      0.269
 164/200     337/337    0.0902     0.119     0.862      0.15      1.22        49     0.681       0.24      0.303       0.27
 165/200     337/337    0.0897     0.118     0.853     0.148      1.21        30     0.684      0.242      0.311      0.272
 166/200     337/337    0.0899     0.119     0.853     0.148      1.21        50     0.675      0.241      0.307       0.27
 167/200     337/337    0.0899     0.118     0.858     0.149      1.21        39     0.678      0.241      0.321      0.267
 168/200     337/337      0.09     0.118     0.852     0.149      1.21        54     0.679      0.247      0.318      0.275
 169/200     337/337    0.0891     0.119     0.854     0.147      1.21        50     0.682      0.241      0.311      0.269
 170/200     337/337    0.0889     0.118     0.849     0.147       1.2        49     0.664      0.242      0.302      0.272
 171/200     337/337     0.089     0.117     0.843     0.145      1.19        28      0.68      0.242       0.31      0.271
 172/200     337/337    0.0895     0.117     0.845     0.145       1.2        31     0.658      0.243      0.304      0.273
 173/200     337/337    0.0897     0.117     0.843     0.148       1.2        45     0.685      0.244      0.304      0.275
 174/200     337/337    0.0898     0.117     0.848     0.147       1.2        59     0.668      0.244      0.304      0.275
 175/200     337/337    0.0895     0.118     0.845     0.145       1.2        57     0.676      0.245      0.317      0.272
 176/200     337/337     0.089     0.116     0.838     0.145      1.19        46      0.67      0.243      0.313      0.272
 177/200     337/337    0.0891     0.117     0.842     0.144      1.19        49     0.671      0.242      0.311       0.27
 178/200     337/337    0.0893     0.117     0.841     0.144      1.19        39     0.676      0.244      0.309      0.274
 179/200     337/337    0.0888     0.116     0.834      0.14      1.18        66     0.878      0.244      0.306      0.274
 180/200     337/337    0.0888     0.117     0.836     0.143      1.19        46     0.707       0.24      0.303       0.27
 181/200     337/337    0.0877     0.116     0.837     0.142      1.18        55     0.673      0.244      0.308      0.275
 182/200     337/337    0.0888     0.117     0.836     0.141      1.18        38     0.693      0.246      0.309      0.277
 183/200     337/337    0.0885     0.116     0.839      0.14      1.18        47     0.683      0.246      0.314      0.275
 184/200     337/337    0.0879     0.116     0.829      0.14      1.17        22     0.667      0.246      0.314      0.275
 185/200     337/337    0.0878     0.115     0.828     0.139      1.17        40     0.664      0.248      0.319      0.278
 186/200     337/337    0.0884     0.116      0.83     0.141      1.17        36      0.67      0.241      0.312       0.27
 187/200     337/337    0.0887     0.115     0.834     0.138      1.18        34     0.678      0.244      0.312      0.273
 188/200     337/337     0.088     0.115     0.823     0.137      1.16        30     0.675      0.242      0.308      0.271
 189/200     337/337    0.0879     0.115     0.827     0.139      1.17        26     0.674      0.242        0.3      0.273
 190/200     337/337    0.0882     0.115     0.828     0.138      1.17        45     0.677      0.243      0.307      0.273
 191/200     337/337    0.0876     0.115     0.825     0.137      1.16        10     0.684       0.24      0.306       0.27
 192/200     337/337     0.088     0.115     0.824     0.138      1.16        59     0.674      0.244      0.303      0.272
 193/200     337/337    0.0879     0.115     0.819     0.139      1.16        30     0.668      0.246      0.306      0.276
 194/200     337/337    0.0874     0.115     0.814     0.138      1.15        28     0.673      0.239      0.298      0.269
 195/200     337/337    0.0879     0.115     0.822     0.137      1.16        26     0.684      0.245      0.312      0.274
 196/200     337/337    0.0877     0.114     0.824     0.137      1.16        59     0.676      0.247      0.317      0.277
 197/200     337/337     0.087     0.115     0.822     0.137      1.16        38     0.672      0.247      0.296      0.276
 198/200     337/337    0.0877     0.114     0.822     0.137      1.16        39     0.698      0.246      0.312      0.276
 199/200     337/337    0.0874     0.115     0.816     0.135      1.15        49     0.678      0.249      0.313      0.279
