   1/100     337/337     0.234     0.474      4.19     0.817      5.72        40      9.15     0.0146     0.0545     0.0199
   2/100     337/337     0.212     0.356      2.21     0.546      3.33        32     0.728     0.0358        0.1     0.0462
   3/100     337/337     0.197     0.311      2.01     0.481         3        57     0.724     0.0369     0.0888     0.0466
   4/100     337/337     0.186     0.285      1.89     0.441       2.8        42     0.714     0.0732       0.13       0.09
   5/100     337/337     0.178     0.266       1.8     0.412      2.66        28     0.703     0.0704      0.118     0.0901
   6/100     337/337     0.171     0.258      1.75     0.397      2.58        51      0.71     0.0863      0.147      0.105
   7/100     337/337     0.165     0.243      1.69      0.38      2.47        54     0.711     0.0994      0.156      0.119
   8/100     337/337     0.159     0.235      1.64     0.366       2.4        54     0.713      0.103      0.141      0.133
   9/100     337/337     0.155     0.227       1.6     0.356      2.34        62     0.706      0.113      0.137      0.145
  10/100     337/337     0.151      0.22      1.56     0.347      2.28        30     0.718      0.121      0.135      0.154
  11/100     337/337     0.148     0.214      1.53     0.336      2.22        22      0.73      0.124      0.195      0.144
  12/100     337/337     0.144     0.209       1.5     0.329      2.18        37     0.727      0.129      0.193      0.154
  13/100     337/337     0.142     0.205      1.46     0.322      2.13        62     0.715      0.129       0.17      0.159
  14/100     337/337     0.139     0.201      1.44      0.32       2.1        41     0.724       0.14      0.196      0.169
  15/100     337/337     0.136     0.196      1.42     0.308      2.06        55     0.701      0.145      0.179      0.176
  16/100     337/337     0.134     0.193      1.39     0.305      2.02        39     0.711      0.144      0.191      0.171
  17/100     337/337     0.132     0.188      1.38     0.298      1.99        51     0.715       0.15      0.217      0.175
  18/100     337/337      0.13     0.184      1.35     0.296      1.96        58     0.719      0.153      0.209       0.18
  19/100     337/337     0.128     0.182      1.34      0.29      1.94        39     0.707      0.153      0.229      0.176
  20/100     337/337     0.127     0.181      1.31     0.284       1.9        40     0.725      0.161      0.213       0.19
  21/100     337/337     0.125     0.176       1.3     0.285      1.88        29     0.712      0.164      0.204      0.199
  22/100     337/337     0.125     0.176      1.29     0.277      1.86        38     0.708      0.171      0.238      0.196
  23/100     337/337     0.122     0.172      1.27      0.27      1.83        48     0.713      0.175      0.239      0.205
  24/100     337/337     0.121      0.17      1.26     0.268      1.82        62      0.71      0.174      0.241      0.202
  25/100     337/337      0.12     0.169      1.24     0.268       1.8        53     0.731       0.17      0.252      0.197
  26/100     337/337     0.118     0.166      1.22     0.261      1.77        56     0.714      0.182       0.26      0.208
  27/100     337/337     0.117     0.163      1.22     0.257      1.75        45     0.694      0.174      0.239      0.205
  28/100     337/337     0.116     0.162       1.2     0.255      1.73        44     0.717      0.192      0.267      0.218
  29/100     337/337     0.114      0.16       1.2     0.252      1.72        44     0.714      0.198      0.261      0.225
  30/100     337/337     0.113     0.159      1.19      0.25      1.71        43     0.718      0.201      0.231      0.239
  31/100     337/337     0.112     0.157      1.16     0.245      1.68        28      0.71      0.189      0.287       0.21
  32/100     337/337     0.112     0.155      1.16     0.245      1.67        50     0.721      0.205      0.268      0.234
  33/100     337/337      0.11     0.156      1.15     0.243      1.66        42     0.698      0.199      0.282      0.223
  34/100     337/337     0.109     0.153      1.14     0.241      1.64        48      0.71      0.194      0.293      0.215
  35/100     337/337     0.108     0.152      1.14     0.238      1.63        52     0.696      0.206      0.239      0.245
  36/100     337/337     0.108      0.15      1.14     0.237      1.63        26      0.72      0.203      0.263      0.235
  37/100     337/337     0.107      0.15      1.11     0.232       1.6        56      0.72      0.209      0.263      0.241
  38/100     337/337     0.106     0.148      1.11     0.231       1.6        52     0.707      0.213      0.268      0.244
  39/100     337/337     0.106     0.148       1.1     0.229      1.58        48     0.716      0.206      0.279      0.232
  40/100     337/337     0.105     0.145       1.1     0.228      1.58        36     0.714       0.21      0.306      0.235
  41/100     337/337     0.104     0.145      1.08     0.226      1.55        34     0.701       0.22       0.28      0.252
  42/100     337/337     0.104     0.145      1.09     0.221      1.56        32     0.713      0.218      0.315      0.241
  43/100     337/337     0.103     0.143      1.08     0.222      1.54        31     0.707      0.221      0.275      0.255
  44/100     337/337     0.103     0.142      1.07     0.219      1.53        37     0.702      0.217      0.276      0.249
  45/100     337/337     0.101     0.141      1.06     0.214      1.51        32     0.863      0.222      0.287      0.251
  46/100     337/337     0.101     0.142      1.06     0.214      1.51        39       0.7      0.221      0.292      0.251
  47/100     337/337     0.101     0.139      1.05     0.212       1.5        46     0.712      0.219      0.302      0.245
  48/100     337/337    0.0994     0.136      1.03     0.207      1.48        29     0.698      0.228      0.316      0.253
  49/100     337/337    0.0998     0.137      1.04     0.208      1.48        34     0.704      0.219      0.276      0.251
  50/100     337/337    0.0982     0.138      1.03     0.206      1.47        51     0.709      0.226      0.276       0.26
  51/100     337/337    0.0961      0.13      0.97     0.193      1.39        53     0.718      0.241      0.317       0.27
  52/100     337/337    0.0943     0.126     0.959     0.188      1.37        50     0.705      0.241      0.311      0.271
  53/100     337/337    0.0939     0.126     0.956     0.187      1.36        70      0.71      0.244      0.314      0.274
  54/100     337/337    0.0934     0.124     0.947     0.187      1.35        37     0.703      0.247       0.32      0.277
  55/100     337/337    0.0935     0.124     0.936     0.183      1.34        45     0.718      0.246      0.316      0.277
  56/100     337/337    0.0929     0.123     0.928     0.182      1.33        74     0.725      0.246      0.314      0.278
  57/100     337/337    0.0931     0.123     0.939     0.182      1.34        53     0.713      0.246      0.315      0.276
  58/100     337/337    0.0925     0.123     0.927     0.183      1.33        57     0.719      0.246      0.317      0.275
  59/100     337/337    0.0928     0.123     0.928     0.182      1.33        45      0.72      0.246      0.321      0.275
  60/100     337/337     0.093     0.123     0.927     0.178      1.32        33     0.713      0.248      0.315      0.279
  61/100     337/337     0.092     0.124     0.931      0.18      1.33        53     0.713      0.248       0.32      0.277
  62/100     337/337    0.0922     0.122     0.925     0.177      1.32        42     0.714      0.247      0.312      0.276
  63/100     337/337    0.0923     0.121      0.92     0.177      1.31        58     0.715      0.245      0.317      0.277
  64/100     337/337    0.0918     0.122     0.924     0.178      1.32        49     0.721      0.247      0.318      0.277
  65/100     337/337    0.0913     0.121     0.913     0.174       1.3        30     0.717      0.245      0.317      0.275
  66/100     337/337    0.0916     0.122     0.913     0.175       1.3        50      0.71       0.25      0.317       0.28
  67/100     337/337    0.0915     0.121      0.92     0.175      1.31        39      0.71      0.248      0.326      0.275
  68/100     337/337    0.0919     0.122     0.914     0.173       1.3        54     0.715      0.248       0.32      0.278
  69/100     337/337    0.0909     0.122     0.914     0.173       1.3        50     0.706      0.247      0.321      0.275
  70/100     337/337     0.091     0.121     0.908     0.174      1.29        49     0.705      0.249      0.316      0.278
  71/100     337/337    0.0909      0.12     0.898      0.17      1.28        28      0.72      0.249      0.322      0.279
  72/100     337/337    0.0915      0.12       0.9     0.171      1.28        31     0.718      0.247      0.314      0.277
  73/100     337/337    0.0911      0.12       0.9     0.174      1.28        45     0.712      0.253      0.314      0.284
  74/100     337/337     0.091      0.12     0.907     0.173      1.29        59       0.7      0.247      0.318      0.277
  75/100     337/337    0.0912      0.12     0.904     0.173      1.29        57     0.719      0.251      0.322       0.28
  76/100     337/337    0.0905     0.119     0.892     0.171      1.27        46     0.715       0.25      0.319      0.278
  77/100     337/337    0.0905      0.12     0.901     0.171      1.28        49     0.716      0.249       0.32      0.277
  78/100     337/337    0.0909      0.12     0.902     0.169      1.28        39      0.71      0.249      0.323      0.278
  79/100     337/337    0.0902     0.119     0.896     0.167      1.27        66     0.728      0.248      0.321      0.278
  80/100     337/337    0.0904      0.12     0.892     0.167      1.27        46     0.708      0.251      0.311      0.282
  81/100     337/337    0.0891     0.119      0.89     0.169      1.27        55     0.708      0.251      0.317      0.282
  82/100     337/337    0.0901     0.119     0.889     0.167      1.26        38     0.707      0.249       0.32       0.28
  83/100     337/337      0.09     0.119     0.892     0.166      1.27        47     0.708      0.254      0.317      0.283
  84/100     337/337    0.0895     0.118     0.881     0.165      1.25        22     0.706      0.252      0.317      0.281
  85/100     337/337    0.0889     0.118      0.88     0.163      1.25        40     0.706      0.251      0.325      0.281
  86/100     337/337    0.0899     0.119     0.883     0.165      1.26        36     0.702      0.251      0.327      0.279
  87/100     337/337    0.0904     0.118     0.889     0.164      1.26        34     0.707      0.251      0.315      0.281
  88/100     337/337     0.089     0.118     0.881     0.163      1.25        30     0.695      0.252       0.32      0.281
  89/100     337/337    0.0894     0.119     0.881     0.166      1.25        26     0.701      0.254      0.321      0.283
  90/100     337/337    0.0896     0.118     0.878     0.164      1.25        45     0.702      0.251      0.324      0.279
  91/100     337/337    0.0888     0.118     0.875     0.161      1.24        10     0.693      0.251      0.314       0.28
  92/100     337/337    0.0893     0.117     0.872     0.161      1.24        59     0.705      0.253      0.329       0.28
  93/100     337/337    0.0894     0.118     0.874     0.164      1.25        30     0.691      0.253      0.308      0.285
  94/100     337/337    0.0889     0.117     0.866     0.162      1.23        28     0.699      0.251      0.319       0.28
  95/100     337/337    0.0892     0.118     0.877     0.161      1.24        26     0.704      0.252      0.322       0.28
  96/100     337/337    0.0888     0.117     0.874     0.161      1.24        59     0.695      0.255      0.328      0.283
  97/100     337/337    0.0886     0.117     0.875      0.16      1.24        38     0.705      0.253      0.319      0.283
  98/100     337/337    0.0892     0.117     0.871      0.16      1.24        39     0.697      0.254      0.321      0.283
  99/100     337/337    0.0888     0.117     0.868     0.158      1.23        49     0.707      0.251       0.32       0.28
