   1/100     337/337     0.233     0.466      4.16     0.821      5.68        40      8.94      0.017      0.063      0.021
   2/100     337/337     0.211     0.354       2.2     0.548      3.32        32     0.675     0.0386     0.0875     0.0509
   3/100     337/337     0.196     0.308      2.01     0.481      2.99        57     0.678      0.068      0.104     0.0902
   4/100     337/337     0.185     0.284      1.89     0.442       2.8        42     0.685     0.0704      0.133     0.0854
   5/100     337/337     0.178     0.264       1.8     0.413      2.65        28     0.679     0.0785      0.124     0.0975
   6/100     337/337     0.171     0.254      1.75     0.397      2.57        51     0.676     0.0812       0.14     0.0992
   7/100     337/337     0.164      0.24      1.68     0.379      2.46        54     0.676      0.105      0.142      0.129
   8/100     337/337     0.159     0.231      1.64     0.366      2.39        54     0.694      0.105      0.151      0.129
   9/100     337/337     0.154     0.222      1.58     0.355      2.32        62     0.675      0.117      0.139       0.15
  10/100     337/337     0.151     0.217      1.55     0.345      2.26        30     0.682      0.114      0.123      0.146
  11/100     337/337     0.147     0.211      1.52     0.333      2.21        22     0.675      0.135      0.202      0.158
  12/100     337/337     0.143     0.206      1.48     0.326      2.16        37     0.676      0.135      0.185      0.163
  13/100     337/337     0.142     0.202      1.45     0.321      2.11        62     0.685      0.138      0.216       0.16
  14/100     337/337     0.138     0.197      1.42     0.317      2.07        41     0.693      0.138      0.184      0.165
  15/100     337/337     0.135     0.192       1.4     0.305      2.03        55     0.682      0.152      0.203      0.181
  16/100     337/337     0.133      0.19      1.37     0.303         2        39     0.668      0.157      0.213      0.185
  17/100     337/337     0.131     0.185      1.35     0.295      1.96        51     0.686      0.157      0.211      0.186
  18/100     337/337     0.129     0.181      1.33      0.29      1.93        58      0.68      0.158      0.224      0.183
  19/100     337/337     0.127     0.179      1.32     0.286      1.91        39     0.692      0.161      0.241      0.182
  20/100     337/337     0.126     0.177      1.29     0.281      1.87        40     0.683      0.164      0.229       0.19
  21/100     337/337     0.124     0.174      1.28     0.281      1.86        29     0.679      0.165      0.226      0.193
  22/100     337/337     0.124     0.173      1.26     0.273      1.83        38     0.686      0.176      0.253      0.202
  23/100     337/337     0.122      0.17      1.25     0.266      1.81        48      0.69      0.177      0.241      0.205
  24/100     337/337     0.119     0.167      1.24     0.265      1.79        62     0.685      0.176      0.252      0.204
  25/100     337/337     0.119     0.166      1.22     0.264      1.77        53     0.672      0.173      0.256      0.198
  26/100     337/337     0.117     0.163      1.21     0.257      1.75        56     0.679      0.186      0.261      0.216
  27/100     337/337     0.116     0.162       1.2     0.256      1.73        45     0.688      0.183      0.242      0.214
  28/100     337/337     0.115      0.16      1.19     0.251      1.71        44      0.69      0.192      0.261       0.22
  29/100     337/337     0.113     0.158      1.18     0.251       1.7        44     0.693      0.194      0.284      0.218
  30/100     337/337     0.113     0.157      1.17     0.248      1.69        43     0.681      0.204      0.238      0.241
  31/100     337/337     0.112     0.155      1.15     0.243      1.66        28     0.682      0.186      0.292      0.207
  32/100     337/337     0.111     0.154      1.14     0.241      1.65        50     0.674      0.204      0.269      0.234
  33/100     337/337      0.11     0.153      1.14     0.241      1.64        42     0.677      0.205      0.306      0.229
  34/100     337/337     0.108     0.152      1.12     0.236      1.62        48     0.673      0.199      0.304      0.219
  35/100     337/337     0.108      0.15      1.12     0.235      1.61        52      0.68        0.2      0.241      0.238
  36/100     337/337     0.108     0.149      1.12     0.234      1.61        26     0.694      0.198      0.261       0.23
  37/100     337/337     0.106     0.148       1.1      0.23      1.58        56     0.689      0.206      0.278      0.237
  38/100     337/337     0.106     0.146       1.1     0.228      1.58        52     0.672      0.212      0.276      0.243
  39/100     337/337     0.105     0.147      1.09     0.227      1.57        48      0.68      0.214      0.292       0.24
  40/100     337/337     0.105     0.144      1.08     0.225      1.56        36     0.683      0.211      0.321      0.234
  41/100     337/337     0.103     0.144      1.07     0.224      1.54        34     0.717      0.219      0.279      0.249
  42/100     337/337     0.103     0.144      1.08     0.219      1.54        32      0.68      0.213      0.295      0.237
  43/100     337/337     0.102     0.141      1.06     0.218      1.52        31     0.678      0.216       0.29      0.245
  44/100     337/337     0.102      0.14      1.05     0.215      1.51        37     0.675      0.225      0.281      0.259
  45/100     337/337     0.101     0.139      1.04     0.212      1.49        32       0.7      0.227      0.305      0.256
  46/100     337/337       0.1     0.139      1.04      0.21      1.49        39     0.683      0.223      0.299      0.251
  47/100     337/337     0.101     0.138      1.04     0.207      1.48        46     0.666      0.225      0.309      0.253
  48/100     337/337    0.0991     0.136      1.03     0.205      1.47        29      0.67      0.224      0.306      0.249
  49/100     337/337    0.0989     0.136      1.02     0.206      1.47        34     0.676      0.223      0.287      0.257
  50/100     337/337    0.0974     0.136      1.02     0.203      1.45        51     0.681      0.224      0.289      0.256
  51/100     337/337    0.0955     0.128     0.962      0.19      1.37        53     0.671       0.24      0.317      0.268
  52/100     337/337    0.0938     0.125     0.951     0.187      1.36        50     0.687      0.239      0.317      0.266
  53/100     337/337    0.0933     0.125     0.944     0.184      1.35        70     0.695      0.242       0.32       0.27
  54/100     337/337     0.093     0.123     0.932     0.183      1.33        37     0.687      0.244      0.321      0.273
  55/100     337/337    0.0929     0.123     0.924     0.179      1.32        45     0.697      0.244      0.317      0.272
  56/100     337/337    0.0921     0.121     0.916     0.179      1.31        74     0.698      0.247      0.318      0.276
  57/100     337/337    0.0925     0.122     0.928     0.179      1.32        53     0.684      0.246      0.321      0.274
  58/100     337/337     0.092     0.122     0.916      0.18      1.31        57     0.687      0.244      0.325      0.272
  59/100     337/337    0.0925     0.122     0.916      0.18      1.31        45     0.674      0.243      0.322      0.271
  60/100     337/337    0.0925     0.121     0.911     0.175       1.3        33     0.678      0.245      0.322      0.273
  61/100     337/337    0.0919     0.122     0.916     0.177      1.31        53     0.686      0.244      0.322      0.273
  62/100     337/337    0.0913     0.121     0.913     0.175       1.3        42     0.699      0.243       0.32      0.272
  63/100     337/337    0.0916      0.12     0.906     0.173      1.29        58     0.674      0.244      0.318      0.272
  64/100     337/337    0.0913     0.121     0.913     0.176       1.3        49     0.678      0.243      0.319      0.272
  65/100     337/337    0.0909     0.119     0.902     0.172      1.28        30     0.679      0.245       0.32      0.273
  66/100     337/337    0.0909     0.121     0.901     0.173      1.29        50     0.678      0.246      0.322      0.274
  67/100     337/337    0.0907      0.12     0.908     0.173      1.29        39     0.689       0.24      0.324      0.268
  68/100     337/337    0.0912      0.12     0.905     0.171      1.29        54     0.679      0.242      0.322       0.27
  69/100     337/337    0.0903      0.12       0.9     0.171      1.28        50     0.675      0.242      0.317       0.27
  70/100     337/337    0.0904      0.12     0.894      0.17      1.27        49     0.681      0.242      0.322      0.271
  71/100     337/337    0.0901     0.119     0.888     0.168      1.26        28     0.683      0.245      0.321      0.273
  72/100     337/337    0.0907     0.119     0.888     0.169      1.27        31     0.668      0.243       0.32      0.272
  73/100     337/337    0.0909      0.12     0.891     0.172      1.27        45     0.673      0.247      0.316      0.277
  74/100     337/337    0.0901     0.119     0.895     0.171      1.27        59     0.686      0.243       0.32      0.273
  75/100     337/337    0.0904     0.119     0.889      0.17      1.27        57     0.684      0.244      0.326      0.272
  76/100     337/337      0.09     0.118     0.883     0.169      1.26        46     0.677      0.245      0.322      0.275
  77/100     337/337      0.09     0.119     0.887     0.167      1.26        49     0.679      0.244      0.323      0.272
  78/100     337/337    0.0908     0.118      0.89     0.167      1.27        39     0.685      0.247      0.323      0.275
  79/100     337/337    0.0897     0.118      0.88     0.166      1.25        66     0.683      0.247      0.322      0.276
  80/100     337/337    0.0898     0.119     0.881     0.167      1.26        46     0.671      0.249      0.319      0.279
  81/100     337/337     0.089     0.118     0.878     0.167      1.25        55     0.682      0.246       0.32      0.275
  82/100     337/337    0.0894     0.118      0.88     0.164      1.25        38     0.688      0.244      0.317      0.273
  83/100     337/337    0.0896     0.118     0.885     0.165      1.26        47      0.68      0.242      0.307      0.273
  84/100     337/337     0.089     0.118     0.873     0.162      1.24        22     0.692      0.243      0.319      0.272
  85/100     337/337    0.0887     0.117     0.869     0.163      1.24        40     0.675      0.244      0.322      0.272
  86/100     337/337    0.0888     0.117     0.869     0.162      1.24        36     0.673      0.243      0.322       0.27
  87/100     337/337    0.0894     0.116     0.873     0.162      1.24        34     0.678      0.245      0.312      0.274
  88/100     337/337    0.0885     0.117     0.867     0.161      1.23        30     0.651      0.243      0.315      0.274
  89/100     337/337     0.089     0.118      0.87     0.161      1.24        26     0.659      0.246      0.322      0.278
  90/100     337/337    0.0893     0.117     0.867     0.161      1.23        45     0.658      0.246      0.324      0.275
  91/100     337/337    0.0888     0.117     0.866     0.159      1.23        10     0.656      0.247      0.318      0.277
  92/100     337/337    0.0887     0.117     0.863      0.16      1.23        59     0.656      0.247      0.328      0.274
  93/100     337/337    0.0888     0.116     0.858     0.161      1.22        30     0.651      0.249      0.317       0.28
  94/100     337/337    0.0883     0.116     0.853      0.16      1.22        28     0.658      0.247       0.32      0.277
  95/100     337/337    0.0886     0.117     0.863     0.159      1.23        26     0.655      0.242      0.324       0.27
  96/100     337/337    0.0886     0.116     0.864     0.161      1.23        59     0.661      0.247      0.329      0.275
  97/100     337/337    0.0879     0.116     0.865     0.159      1.23        38     0.651      0.247      0.319      0.276
  98/100     337/337    0.0887     0.116     0.861     0.159      1.22        39     0.655      0.247      0.321      0.278
  99/100     337/337    0.0884     0.116     0.855     0.157      1.22        49      0.67      0.247       0.32      0.275
