   1/699       16/16      0.26     0.943      33.9      1.64      36.8       116      11.7          0          0          0
   2/699       16/16     0.247     0.564      3.29       1.3       5.4       133      1.27          0          0          0
   3/699       16/16     0.244     0.503      3.06      1.07      4.87       130      1.27          0          0          0
   4/699       16/16     0.244      0.47      2.98     0.958      4.65       152      1.28          0          0          0
   5/699       16/16     0.243     0.443      2.84     0.899      4.43       157      1.27    0.00185     0.0231    0.00185
   6/699       16/16     0.236     0.441      2.73      0.84      4.24       116      1.24     0.0161     0.0817     0.0169
   7/699       16/16     0.243     0.417      2.65      0.79       4.1       150      1.27    0.00814     0.0861    0.00837
   8/699       16/16     0.237     0.419      2.58     0.763         4       109       1.3     0.0156        0.1     0.0173
   9/699       16/16     0.234      0.41       2.5     0.715      3.86       154      1.28     0.0163      0.103     0.0185
  10/699       16/16      0.23     0.388      2.44     0.686      3.74       146       1.3     0.0208      0.117     0.0258
  11/699       16/16     0.226      0.38      2.37     0.657      3.63       120      1.29     0.0235      0.127     0.0253
  12/699       16/16     0.227     0.377      2.43     0.644      3.68       121      1.26     0.0209      0.109     0.0283
  13/699       16/16     0.219      0.35      2.35     0.619      3.54       154      1.29     0.0246      0.117     0.0292
  14/699       16/16     0.221      0.36      2.31     0.608      3.49       114      1.27     0.0133     0.0754     0.0199
  15/699       16/16     0.217     0.342      2.29     0.594      3.45        82      1.29     0.0315      0.105     0.0431
  16/699       16/16     0.219     0.345      2.21     0.576      3.35       100      1.29     0.0148      0.083     0.0188
  17/699       16/16     0.215     0.338       2.2     0.571      3.32       149      1.29     0.0329     0.0895      0.045
  18/699       16/16      0.21     0.336      2.22      0.56      3.33       127      1.28     0.0374      0.118     0.0452
  19/699       16/16     0.212     0.325      2.14     0.549      3.23       146      1.25     0.0421      0.124     0.0519
  20/699       16/16     0.203     0.321      2.09      0.54      3.15       120      1.29     0.0375      0.119     0.0522
  21/699       16/16     0.204     0.317      2.07     0.525      3.12       117      1.27     0.0354     0.0924     0.0483
  22/699       16/16     0.207     0.304      2.11     0.521      3.14       153      1.27     0.0462     0.0812     0.0644
  23/699       16/16     0.204     0.311      2.04     0.525      3.08       162      1.32      0.038     0.0687     0.0623
  24/699       16/16     0.201     0.304      2.02     0.506      3.03       118      1.26     0.0448     0.0857     0.0591
  25/699       16/16     0.204     0.299         2     0.512      3.01       143      1.27     0.0344     0.0743     0.0486
  26/699       16/16       0.2     0.304      1.97     0.506      2.98       111      1.26     0.0312     0.0761     0.0412
  27/699       16/16     0.195     0.303         2     0.481      2.98       139      1.27     0.0295     0.0591     0.0491
  28/699       16/16     0.198     0.302         2      0.48      2.98       122      1.26     0.0392      0.093     0.0508
  29/699       16/16     0.192     0.286       1.9     0.476      2.85       145      1.32     0.0484      0.108     0.0556
  30/699       16/16     0.191     0.285      1.93      0.49       2.9       155      1.26     0.0514     0.0873     0.0727
  31/699       16/16     0.192     0.282      1.84     0.453      2.77        79      1.29     0.0535     0.0794     0.0797
  32/699       16/16     0.193     0.288      1.89     0.476      2.85       143      1.28     0.0434       0.12     0.0504
  33/699       16/16     0.193     0.288      1.91     0.469      2.86       163      1.27     0.0445      0.109     0.0574
  34/699       16/16     0.195     0.273      1.85     0.468      2.79        97      1.29     0.0511      0.108     0.0636
  35/699       16/16     0.191     0.265      1.85     0.452      2.76       139      1.27     0.0507      0.107     0.0662
  36/699       16/16     0.188     0.271      1.82     0.446      2.73       117      1.28      0.053      0.134     0.0642
  37/699       16/16     0.188     0.269      1.82      0.44      2.71       141      1.28     0.0419      0.096     0.0544
  38/699       16/16     0.187     0.268       1.8     0.441       2.7       114      1.25     0.0454      0.123     0.0574
  39/699       16/16     0.186     0.272      1.83     0.434      2.72       132      1.27     0.0495     0.0964      0.073
  40/699       16/16     0.185     0.259      1.79     0.425      2.66       108      1.26     0.0504      0.119     0.0657
  41/699       16/16      0.18     0.247      1.75     0.415      2.59       140      1.28     0.0563      0.103      0.073
  42/699       16/16     0.184     0.249      1.73     0.416      2.58       133      1.25     0.0647      0.111     0.0882
  43/699       16/16     0.182      0.25      1.71     0.421      2.56       103      1.26     0.0524     0.0858     0.0667
  44/699       16/16     0.183     0.256      1.77     0.416      2.63       117      1.29      0.049     0.0952     0.0672
  45/699       16/16      0.18     0.244      1.73      0.41      2.56       128      1.28     0.0644      0.105     0.0848
  46/699       16/16     0.176     0.242      1.68     0.403       2.5       143       1.3     0.0613      0.115     0.0848
  47/699       16/16     0.178     0.237      1.66     0.397      2.47        98       1.3     0.0568      0.106     0.0765
  48/699       16/16     0.174     0.239      1.69     0.399       2.5       108       1.3     0.0635     0.0984     0.0857
  49/699       16/16     0.178     0.247      1.69     0.394      2.51       151      1.27     0.0679     0.0939     0.0918
  50/699       16/16     0.174     0.235      1.63     0.389      2.43       127      1.27     0.0686      0.104      0.092
  51/699       16/16     0.177     0.228       1.6     0.376      2.38       129      1.28     0.0678       0.11     0.0864
  52/699       16/16     0.173     0.225      1.59     0.389      2.38       171      1.26      0.073      0.115     0.0938
  53/699       16/16     0.176     0.225      1.56      0.39      2.35       100      1.29     0.0716      0.105     0.0937
  54/699       16/16     0.169     0.219      1.54     0.364       2.3       130      1.27     0.0706      0.108     0.0929
  55/699       16/16     0.169     0.218      1.56     0.372      2.32       106      1.29     0.0706      0.115     0.0911
  56/699       16/16      0.17     0.219      1.54     0.369       2.3       135      1.28     0.0689       0.11     0.0918
  57/699       16/16     0.166     0.217      1.56     0.375      2.32       148      1.29     0.0699      0.112     0.0923
  58/699       16/16     0.173     0.212      1.52     0.376      2.28       148      1.28      0.073      0.112     0.0986
  59/699       16/16     0.171     0.211      1.53     0.364      2.28       144      1.28     0.0706      0.111     0.0925
  60/699       16/16     0.172     0.216      1.51     0.369      2.26       104      1.27     0.0717      0.118     0.0955
  61/699       16/16     0.169     0.215      1.55     0.368       2.3       145      1.34     0.0736      0.112     0.0933
  62/699       16/16     0.167     0.211      1.51     0.362      2.25       107      1.26     0.0712      0.112     0.0962
  63/699       16/16     0.167     0.218      1.56     0.368      2.31       125      1.28     0.0712      0.112      0.094
  64/699       16/16     0.167     0.214      1.53     0.376      2.29       142      1.29     0.0688      0.115     0.0927
  65/699       16/16     0.171      0.21       1.5     0.362      2.24       137      1.31     0.0698      0.118     0.0959
  66/699       16/16     0.171     0.211      1.51     0.361      2.25       126      1.29     0.0724      0.108     0.0963
  67/699       16/16     0.172     0.213      1.51     0.369      2.27       150      1.26     0.0727      0.108     0.0966
  68/699       16/16     0.167     0.209      1.48     0.359      2.21       120      1.29     0.0729      0.112     0.0965
  69/699       16/16     0.169     0.211       1.5     0.367      2.25       115      1.29     0.0764      0.111      0.103
  70/699       16/16     0.167     0.205       1.5     0.365      2.24       104      1.26     0.0768      0.113     0.0997
  71/699       16/16     0.171     0.214       1.5     0.374      2.26       143      1.26     0.0749      0.122      0.098
  72/699       16/16     0.171     0.211      1.49     0.365      2.24        95      1.27      0.073       0.11     0.0983
  73/699       16/16     0.167     0.205      1.48     0.358      2.21       155      1.27     0.0729      0.113     0.0985
  74/699       16/16      0.17     0.209       1.5     0.372      2.25       131      1.26     0.0771      0.118      0.101
  75/699       16/16     0.164     0.204       1.5     0.356      2.22       122      1.27      0.076      0.125      0.101
  76/699       16/16     0.164     0.217      1.47     0.361      2.21       150      1.28     0.0746       0.12     0.0992
  77/699       16/16     0.167     0.207      1.48     0.353       2.2       115      1.37     0.0783      0.118        0.1
  78/699       16/16     0.166     0.206       1.5     0.362      2.23       122      1.29     0.0754      0.119      0.099
  79/699       16/16     0.169     0.206      1.47      0.36      2.21       133      1.27     0.0774      0.115      0.102
  80/699       16/16     0.163     0.209      1.49     0.357      2.22       133      1.27     0.0762      0.123      0.098
  81/699       16/16     0.166     0.213      1.49     0.359      2.23       158      1.24     0.0752      0.114     0.0983
  82/699       16/16     0.165     0.204      1.46     0.357      2.19       142      1.28     0.0783       0.11      0.101
  83/699       16/16     0.161      0.21      1.46     0.354      2.18       114      1.29     0.0732      0.119     0.0961
  84/699       16/16     0.165     0.203      1.46     0.359      2.19       155      1.25     0.0745      0.115     0.0969
  85/699       16/16     0.168     0.209      1.47     0.365      2.21       124      1.27     0.0761       0.12     0.0979
  86/699       16/16     0.166     0.203      1.45     0.356      2.18       147      1.27     0.0748      0.109     0.0981
  87/699       16/16     0.168     0.201      1.48     0.354       2.2       148      1.34     0.0746      0.109     0.0996
  88/699       16/16     0.163     0.202      1.44     0.357      2.16       118      1.27     0.0735      0.109     0.0945
  89/699       16/16     0.166     0.203      1.46     0.358      2.18       116      1.27     0.0746      0.113      0.104
  90/699       16/16     0.165     0.205      1.43     0.352      2.15       134      1.27     0.0775      0.115      0.106
  91/699       16/16     0.161     0.206      1.45     0.367      2.18       156      1.27     0.0767       0.11      0.105
  92/699       16/16     0.165     0.201      1.41     0.345      2.12       114      1.25     0.0715      0.112     0.0974
  93/699       16/16     0.165     0.203      1.44     0.358      2.16       122      1.26     0.0786      0.117      0.101
  94/699       16/16     0.162     0.198      1.42     0.354      2.13       117      1.28     0.0756      0.116      0.105
  95/699       16/16     0.167     0.199      1.45     0.353      2.17       118      1.26     0.0786      0.123      0.105
  96/699       16/16     0.161     0.199      1.41     0.354      2.13       138      1.25     0.0792      0.122      0.104
  97/699       16/16     0.163       0.2      1.43     0.346      2.14       141      1.28     0.0786      0.126      0.104
  98/699       16/16     0.164     0.199      1.41     0.344      2.12       119      1.26     0.0769      0.115      0.106
  99/699       16/16     0.164     0.197       1.4     0.351      2.11       152      1.33     0.0738      0.125     0.0968
 100/699       16/16     0.162     0.203       1.4     0.357      2.12       116       1.3     0.0794      0.117      0.105
 101/699       16/16     0.164     0.201      1.41     0.349      2.13       138       1.3     0.0779      0.122      0.103
 102/699       16/16     0.166     0.206      1.43     0.372      2.18       143      1.32     0.0778       0.12      0.104
 103/699       16/16     0.165     0.199      1.36     0.349      2.07       120      1.29     0.0758      0.108      0.105
 104/699       16/16     0.163     0.202      1.41     0.348      2.12       127      1.27     0.0759      0.103      0.104
 105/699       16/16      0.16     0.198      1.39     0.342      2.09       114      1.26     0.0758      0.119      0.102
 106/699       16/16     0.163     0.202      1.43     0.346      2.14       141      1.28     0.0767       0.12        0.1
 107/699       16/16     0.165     0.198      1.39     0.334      2.09       137      1.27     0.0709      0.111     0.0949
 108/699       16/16     0.166     0.203       1.4     0.343      2.11       131      1.28      0.075       0.11     0.0994
 109/699       16/16     0.161     0.198      1.41     0.351      2.12       137      1.27     0.0786      0.116      0.101
 110/699       16/16     0.161       0.2       1.4     0.346      2.11       160       1.3     0.0772      0.118      0.102
 111/699       16/16     0.161       0.2      1.34     0.332      2.04       123      1.26      0.078      0.112      0.107
 112/699       16/16     0.161     0.202      1.37     0.339      2.07       174      1.34     0.0753      0.127      0.102
 113/699       16/16     0.159     0.196      1.39     0.349      2.09       145      1.34     0.0742      0.124     0.0987
 114/699       16/16      0.16     0.192      1.39      0.35      2.09       152      1.26      0.078      0.113      0.104
 115/699       16/16     0.163     0.196      1.39     0.349      2.09       129      1.27     0.0757      0.113     0.0986
 116/699       16/16     0.159     0.195      1.35     0.335      2.04       137       1.3     0.0766       0.11      0.105
 117/699       16/16     0.157     0.199      1.42     0.346      2.12       127      1.29     0.0762      0.125      0.104
 118/699       16/16     0.161     0.196      1.39     0.344      2.09       176      1.26     0.0752      0.122     0.0943
 119/699       16/16     0.164       0.2      1.36     0.328      2.05       124      1.32     0.0753      0.109      0.101
 120/699       16/16     0.161     0.194      1.39      0.34      2.08       113      1.28      0.076      0.124      0.099
 121/699       16/16     0.163     0.204      1.37     0.346      2.08       111      1.32     0.0729      0.119        0.1
 122/699       16/16     0.161     0.195      1.35     0.338      2.05       138      1.25      0.073       0.11     0.0987
 123/699       16/16     0.162     0.198      1.38     0.343      2.08       127      1.27     0.0745      0.111     0.0997
 124/699       16/16      0.16       0.2      1.35     0.329      2.04       130      1.23     0.0799       0.11      0.109
 125/699       16/16     0.163     0.193      1.42     0.331      2.11       155      1.28     0.0726      0.112     0.0937
 126/699       16/16     0.159     0.195      1.36     0.327      2.04       135      1.26     0.0735      0.119     0.0988
 127/699       16/16      0.16     0.196      1.37     0.333      2.06       108      1.24      0.076       0.12      0.101
 128/699       16/16     0.158     0.194      1.34     0.333      2.03       133      1.25     0.0786      0.114      0.104
 129/699       16/16     0.158     0.196      1.35     0.331      2.04       160      1.31     0.0775      0.113      0.102
 130/699       16/16     0.165     0.194      1.36     0.345      2.07       134      1.31     0.0716      0.113     0.0962
 131/699       16/16     0.159     0.196      1.37     0.333      2.06       129      1.27     0.0759      0.116      0.106
 132/699       16/16     0.159     0.199      1.35      0.34      2.05       108      1.25     0.0748      0.113     0.0999
 133/699       16/16      0.16     0.199      1.35      0.34      2.05       113      1.27     0.0788      0.113      0.105
 134/699       16/16     0.161      0.19      1.35     0.333      2.04        96      1.26     0.0745      0.115      0.104
 135/699       16/16     0.158     0.186      1.33     0.326         2       119      1.25     0.0704      0.114     0.0945
 136/699       16/16     0.159     0.189      1.32     0.331         2       132      1.26     0.0756      0.113      0.101
 137/699       16/16     0.161     0.193      1.37     0.333      2.06       122      1.29     0.0769      0.112      0.105
 138/699       16/16     0.161     0.193      1.36     0.345      2.06       142      1.25     0.0753      0.121     0.0979
 139/699       16/16      0.16     0.189      1.32     0.329         2       114       1.3     0.0787      0.123      0.104
 140/699       16/16     0.158     0.196       1.3     0.332      1.98       129      1.26      0.073      0.112      0.103
 141/699       16/16     0.163     0.191      1.38     0.337      2.07       119      1.27     0.0774      0.119      0.101
 142/699       16/16     0.157     0.188       1.3     0.318      1.96       115      1.27     0.0735      0.113        0.1
 143/699       16/16     0.157      0.19      1.33     0.324         2       135      1.25     0.0763       0.11      0.104
 144/699       16/16     0.156      0.19      1.33      0.33      2.01       149      1.25     0.0781       0.12        0.1
 145/699       16/16      0.16     0.189      1.34     0.341      2.03       155      1.32     0.0776      0.123      0.103
 146/699       16/16     0.161      0.19      1.29     0.328      1.97       103      1.25     0.0723      0.113     0.0987
 147/699       16/16     0.157     0.188      1.31     0.318      1.97       102      1.26     0.0746      0.117      0.104
 148/699       16/16     0.156     0.189      1.32     0.328         2       142      1.26     0.0777      0.117      0.097
 149/699       16/16     0.154     0.184      1.29     0.316      1.95       105      1.31     0.0753      0.116      0.104
 150/699       16/16     0.158     0.187      1.31     0.314      1.97       126      1.27     0.0767       0.11      0.105
 151/699       16/16     0.156      0.19      1.35     0.322      2.01       107      1.26     0.0777      0.117      0.106
 152/699       16/16     0.158      0.19      1.32     0.329      1.99       121      1.31     0.0744       0.11      0.101
 153/699       16/16     0.159     0.188      1.32      0.33         2       139      1.27     0.0744      0.118      0.103
 154/699       16/16     0.156     0.186       1.3     0.318      1.96       113      1.24      0.076      0.115      0.104
 155/699       16/16      0.16      0.19      1.37     0.337      2.05       140      1.31     0.0795      0.111      0.108
 156/699       16/16     0.158     0.192      1.32     0.325      1.99       114      1.28     0.0775      0.114      0.105
 157/699       16/16     0.155     0.195      1.31      0.32      1.98       110       1.3     0.0794      0.117      0.104
 158/699       16/16     0.157     0.186      1.35     0.316      2.01       156      1.27     0.0757       0.11     0.0979
 159/699       16/16     0.158     0.186      1.32     0.316      1.98       122      1.28     0.0761      0.117      0.102
 160/699       16/16     0.158     0.185       1.3     0.317      1.96       146      1.26     0.0738      0.112     0.0973
 161/699       16/16     0.157     0.183      1.32     0.317      1.98       100      1.25     0.0761      0.124     0.0948
 162/699       16/16     0.159     0.185      1.32     0.326      1.99       133      1.29     0.0783      0.101      0.104
 163/699       16/16     0.156     0.185      1.28     0.317      1.93       175      1.26     0.0768      0.114     0.0984
 164/699       16/16     0.158     0.187       1.3      0.32      1.96       138      1.25     0.0835      0.115      0.109
 165/699       16/16     0.153     0.187       1.3     0.313      1.95        93      1.27     0.0762      0.118      0.099
 166/699       16/16     0.156     0.186      1.28     0.317      1.94       109      1.28     0.0808      0.115      0.109
 167/699       16/16     0.156     0.187       1.3     0.318      1.96       130      1.26     0.0777      0.122      0.105
 168/699       16/16     0.156     0.186      1.27     0.315      1.93        73      1.29     0.0775      0.117     0.0998
 169/699       16/16     0.156     0.186      1.31     0.309      1.96       136      1.28     0.0786       0.11       0.11
 170/699       16/16     0.157     0.184      1.26     0.313      1.92       105      1.27     0.0733      0.119     0.0963
 171/699       16/16     0.155     0.186      1.29     0.323      1.95       107      1.25     0.0786     0.0972      0.101
 172/699       16/16     0.157     0.185      1.28     0.316      1.93       146      1.28     0.0758      0.108      0.102
 173/699       16/16     0.151     0.188      1.32     0.317      1.97       129      1.28     0.0771      0.115     0.0999
 174/699       16/16     0.155     0.186      1.28     0.326      1.94       117      1.26     0.0753      0.107     0.0998
 175/699       16/16     0.158     0.188       1.3     0.324      1.97       131      1.27     0.0704      0.105     0.0951
 176/699       16/16     0.156     0.185      1.28      0.31      1.93       135      1.27     0.0829      0.121      0.108
 177/699       16/16     0.155     0.183      1.28     0.314      1.93        99      1.27     0.0792      0.117      0.103
 178/699       16/16     0.154     0.179      1.25     0.311       1.9        97      1.28     0.0828      0.108      0.106
 179/699       16/16     0.157     0.186      1.25     0.314      1.91       131      1.25     0.0809      0.128      0.105
 180/699       16/16     0.154     0.181      1.27     0.306      1.91       133      1.29     0.0839      0.105      0.113
 181/699       16/16     0.153     0.176      1.24     0.313      1.88       114      1.36      0.083      0.118      0.108
 182/699       16/16     0.153     0.184      1.27     0.307      1.91       123      1.23     0.0775       0.11      0.104
 183/699       16/16     0.155     0.184      1.26     0.309      1.91       116      1.25     0.0773      0.118     0.0968
 184/699       16/16     0.152      0.18      1.26     0.309       1.9       131      1.25     0.0773      0.119        0.1
 185/699       16/16     0.154     0.179      1.25     0.307      1.89       166      1.29     0.0763      0.117      0.102
 186/699       16/16     0.152     0.183      1.25     0.315       1.9       102      1.25     0.0818      0.115      0.107
 187/699       16/16     0.156     0.182      1.28     0.311      1.93       114      1.31     0.0771      0.113      0.107
 188/699       16/16     0.157     0.186      1.24     0.318       1.9       133      1.27     0.0799      0.117      0.107
 189/699       16/16     0.156     0.182      1.27     0.306      1.92       103      1.31      0.076      0.113      0.101
 190/699       16/16     0.154     0.184      1.25       0.3      1.89       136       1.3     0.0729      0.125        0.1
 191/699       16/16     0.156     0.182      1.25     0.302      1.89        70      1.29     0.0747      0.116      0.102
 192/699       16/16     0.154     0.181      1.25     0.305      1.89       176      1.26      0.081      0.123      0.107
 193/699       16/16     0.152     0.185       1.3     0.306      1.94       138      1.29     0.0728      0.117     0.0986
 194/699       16/16     0.154     0.183      1.23     0.307      1.88       110      1.24     0.0764      0.124     0.0988
 195/699       16/16     0.152     0.182      1.26     0.314      1.91       146      1.26     0.0795       0.11      0.106
 196/699       16/16     0.152      0.18      1.24     0.301      1.87       165      1.25     0.0788      0.119      0.098
 197/699       16/16     0.153      0.18      1.25     0.306      1.89       148      1.27     0.0756      0.115     0.0973
 198/699       16/16     0.155     0.183      1.26     0.304       1.9       123      1.28     0.0776      0.105      0.101
 199/699       16/16     0.156     0.183      1.25     0.306       1.9        93       1.3     0.0807      0.106      0.105
 200/699       16/16     0.154     0.182      1.24     0.303      1.88       130      1.29     0.0772      0.116      0.104
 201/699       16/16     0.153     0.181      1.24       0.3      1.87        99      1.27     0.0786      0.114        0.1
 202/699       16/16     0.152     0.182      1.29     0.304      1.92       137      1.25     0.0825      0.119      0.104
 203/699       16/16     0.153     0.184      1.24     0.309      1.88       114      1.26     0.0786      0.115      0.104
 204/699       16/16     0.156     0.181      1.24     0.317       1.9       108      1.26      0.078      0.106      0.106
 205/699       16/16     0.153     0.179      1.27       0.3       1.9       163      1.27     0.0818      0.128      0.108
 206/699       16/16     0.155     0.182      1.29     0.325      1.95       104      1.25      0.078      0.116      0.102
 207/699       16/16     0.149     0.183      1.24     0.299      1.87       133      1.25     0.0756      0.126      0.101
 208/699       16/16     0.153     0.181      1.25     0.304      1.89       149      1.25     0.0781      0.122     0.0989
 209/699       16/16     0.152     0.184      1.24     0.302      1.88       167      1.33       0.08      0.114       0.11
 210/699       16/16      0.15      0.18      1.22     0.297      1.85       152      1.28     0.0775       0.12      0.104
 211/699       16/16     0.149     0.182      1.23     0.297      1.86       117      1.28      0.083      0.121      0.109
 212/699       16/16     0.155     0.179      1.24     0.293      1.87       135      1.31     0.0757      0.116        0.1
 213/699       16/16     0.153     0.181      1.21     0.302      1.84        73      1.32      0.079      0.121      0.107
 214/699       16/16     0.149     0.183      1.26     0.299      1.89       114       1.3       0.08      0.119      0.108
 215/699       16/16      0.15     0.177      1.24       0.3      1.87       111      1.32       0.08      0.112      0.106
 216/699       16/16     0.149     0.175      1.22     0.298      1.84       129      1.25      0.081      0.129      0.104
 217/699       16/16     0.148     0.177      1.23     0.303      1.85       111      1.31     0.0772      0.118      0.103
 218/699       16/16     0.152     0.178      1.22     0.303      1.85       136      1.27     0.0831      0.115      0.106
 219/699       16/16     0.154     0.181      1.24     0.303      1.88       120      1.28     0.0814      0.116      0.108
 220/699       16/16      0.15     0.179      1.21     0.293      1.83       108      1.27     0.0828      0.115      0.108
 221/699       16/16     0.152     0.176      1.21     0.288      1.83       127      1.27     0.0799      0.127      0.106
 222/699       16/16     0.152     0.174      1.18     0.296      1.81       109      1.28     0.0846      0.114      0.112
 223/699       16/16     0.153     0.171      1.23     0.295      1.85       134      1.27     0.0945      0.128      0.117
 224/699       16/16     0.148     0.169      1.17       0.3      1.79        98      1.29     0.0852      0.123      0.109
 225/699       16/16     0.153     0.184      1.23     0.295      1.86       101      1.25     0.0925       0.12      0.119
 226/699       16/16     0.152     0.176      1.22     0.296      1.84       144      1.26     0.0874      0.116      0.111
 227/699       16/16     0.151     0.173      1.21     0.292      1.82       108      1.28     0.0837      0.122      0.105
 228/699       16/16     0.151     0.175      1.19     0.294      1.81       127      1.25      0.091      0.118      0.117
 229/699       16/16      0.15      0.18      1.25     0.285      1.86       154      1.27     0.0889      0.111      0.116
 230/699       16/16      0.15     0.171      1.17     0.293      1.78       129      1.26     0.0815      0.126      0.102
 231/699       16/16     0.151     0.174      1.19     0.288       1.8       124      1.31     0.0833      0.119      0.108
 232/699       16/16     0.153     0.175      1.25       0.3      1.88       157       1.3      0.087      0.118       0.11
 233/699       16/16     0.148     0.179       1.2     0.294      1.82        92      1.26     0.0777       0.12      0.101
 234/699       16/16      0.15     0.174      1.19     0.287       1.8       159      1.23     0.0852      0.114       0.11
 235/699       16/16     0.146      0.17      1.17     0.293      1.78       122       1.3     0.0863       0.12      0.109
 236/699       16/16     0.151     0.173      1.21      0.29      1.82       122      1.27     0.0805      0.128      0.102
 237/699       16/16     0.154     0.179      1.22       0.3      1.85       109      1.25     0.0788      0.111      0.107
 238/699       16/16     0.147     0.173      1.17     0.293      1.79       113      1.32     0.0883      0.114       0.12
 239/699       16/16     0.147     0.169      1.15     0.287      1.75       109      1.34     0.0887      0.125      0.115
 240/699       16/16     0.149     0.171      1.19     0.289       1.8       136      1.25     0.0827      0.119      0.105
 241/699       16/16     0.149     0.171      1.18     0.288      1.79       144      1.25     0.0868       0.11      0.111
 242/699       16/16     0.145     0.172      1.19     0.291       1.8       135      1.29     0.0832       0.13      0.102
 243/699       16/16     0.148     0.173       1.2     0.285      1.81        94      1.28     0.0842      0.118      0.107
 244/699       16/16     0.149     0.176       1.2     0.291      1.81       111      1.27     0.0829      0.119      0.109
 245/699       16/16     0.148     0.171      1.21     0.287      1.82       142      1.25     0.0819      0.107      0.109
 246/699       16/16     0.151     0.177      1.19     0.302      1.82       141      1.29     0.0902      0.109      0.116
 247/699       16/16     0.151     0.173      1.19     0.284       1.8       141      1.29     0.0766      0.107     0.0964
 248/699       16/16      0.15     0.175       1.2     0.293      1.82        93      1.27     0.0821      0.109      0.102
 249/699       16/16     0.148      0.17      1.19     0.286      1.79       139      1.29     0.0887      0.109      0.115
 250/699       16/16     0.148     0.171      1.19     0.284       1.8       100      1.27     0.0834      0.129      0.106
 251/699       16/16     0.148     0.176       1.2     0.284       1.8       141      1.28     0.0793      0.101      0.102
 252/699       16/16     0.145     0.175      1.17     0.285      1.77       149       1.3     0.0901      0.119      0.114
 253/699       16/16     0.147     0.172      1.18     0.291      1.79       159      1.31     0.0821      0.118      0.104
 254/699       16/16      0.15      0.17      1.17     0.285      1.78       128      1.26     0.0812      0.123      0.103
 255/699       16/16     0.149     0.174      1.16     0.285      1.77        86      1.25     0.0801      0.114      0.106
 256/699       16/16     0.147     0.172      1.16      0.28      1.76       109      1.33      0.083      0.117      0.105
 257/699       16/16     0.148     0.171       1.2     0.289      1.81       141      1.27     0.0871      0.126      0.114
 258/699       16/16     0.148     0.173      1.17      0.29      1.78       110      1.26     0.0827      0.119      0.107
 259/699       16/16     0.146     0.168      1.17     0.273      1.76       119      1.27      0.081      0.117      0.108
 260/699       16/16     0.152     0.171      1.17      0.28      1.77       165      1.26     0.0862      0.122      0.114
 261/699       16/16     0.148     0.169      1.15      0.28      1.75       100      1.25     0.0827      0.132      0.109
 262/699       16/16      0.15     0.169      1.16     0.287      1.77       111      1.27     0.0835      0.125      0.108
 263/699       16/16     0.144     0.171      1.17     0.282      1.77        99      1.26     0.0876      0.113      0.114
 264/699       16/16     0.148     0.168      1.17     0.283      1.77       155      1.26      0.088      0.147      0.115
 265/699       16/16     0.148     0.172      1.16     0.282      1.77       125      1.31     0.0811      0.114      0.105
 266/699       16/16      0.15      0.17      1.16     0.275      1.76       160      1.25     0.0854      0.124      0.112
 267/699       16/16     0.148     0.173      1.14     0.276      1.73       151      1.27      0.087      0.132      0.112
 268/699       16/16      0.15     0.172      1.19     0.276      1.78       126      1.28     0.0813       0.11      0.111
 269/699       16/16     0.145      0.17      1.16     0.272      1.74       133      1.25     0.0888       0.12      0.115
 270/699       16/16     0.147     0.169      1.17     0.278      1.76       148      1.25      0.076      0.119     0.0982
 271/699       16/16     0.144     0.171      1.17     0.282      1.77       119      1.25     0.0866      0.105      0.116
 272/699       16/16     0.146     0.168      1.14     0.278      1.73       106      1.25     0.0801      0.122     0.0973
 273/699       16/16     0.145     0.172      1.18     0.273      1.77       156      1.25     0.0832       0.11      0.111
 274/699       16/16     0.145     0.167      1.15     0.282      1.75        85      1.26     0.0807      0.115      0.105
 275/699       16/16     0.146      0.17      1.18     0.278      1.78       104      1.31     0.0828      0.108      0.111
 276/699       16/16     0.144     0.168      1.14     0.283      1.74       121      1.25     0.0757      0.109     0.0968
 277/699       16/16     0.147     0.169      1.12     0.272      1.71       120      1.28     0.0824      0.124      0.102
 278/699       16/16     0.147     0.167      1.17     0.282      1.76       188      1.31     0.0894      0.121      0.117
 279/699       16/16     0.144     0.168      1.14     0.277      1.73       142      1.29     0.0843      0.111      0.108
 280/699       16/16     0.143     0.167      1.11     0.275       1.7       125      1.31     0.0837      0.123      0.103
 281/699       16/16     0.145     0.168      1.16     0.267      1.74       127      1.28     0.0866      0.117      0.109
 282/699       16/16     0.145     0.164       1.1     0.269      1.68       107      1.25     0.0884      0.112      0.114
 283/699       16/16     0.142     0.166      1.12     0.262      1.69       128      1.27     0.0862      0.118      0.111
 284/699       16/16     0.146     0.169      1.12     0.267       1.7       167      1.25     0.0862       0.13      0.112
 285/699       16/16     0.146     0.169      1.13     0.278      1.72       152      1.27     0.0821      0.123      0.102
 286/699       16/16     0.146     0.166      1.14     0.278      1.73       126      1.32     0.0913      0.133      0.113
 287/699       16/16     0.143     0.163      1.09     0.273      1.67       112      1.25      0.081      0.125      0.105
 288/699       16/16     0.147     0.164      1.16      0.27      1.74       155       1.3     0.0866      0.135      0.109
 289/699       16/16     0.145     0.172      1.15      0.28      1.75       103      1.26     0.0829      0.113      0.105
 290/699       16/16     0.146     0.168      1.13     0.265      1.71       118      1.26     0.0804      0.116      0.105
 291/699       16/16     0.144     0.167      1.11     0.276       1.7       118      1.27     0.0825      0.131      0.103
 292/699       16/16     0.148     0.165      1.12     0.277      1.71       114      1.25     0.0808      0.127      0.102
 293/699       16/16     0.143     0.166       1.1     0.272      1.69       124      1.26     0.0842      0.126      0.105
 294/699       16/16     0.141     0.164       1.1     0.264      1.67       112      1.27     0.0791      0.117      0.104
 295/699       16/16     0.144      0.17      1.12      0.27       1.7       148      1.27     0.0839       0.12      0.106
 296/699       16/16     0.143     0.162      1.13     0.267       1.7       156       1.3     0.0905      0.128      0.112
 297/699       16/16     0.143     0.161      1.12     0.268       1.7       118      1.31      0.078      0.119     0.0954
 298/699       16/16     0.142     0.168      1.12     0.264       1.7       139      1.26     0.0857       0.12      0.105
 299/699       16/16     0.139     0.163      1.12      0.27      1.69        87       1.3     0.0845       0.13      0.108
 300/699       16/16     0.143     0.161      1.11      0.27      1.68       136       1.3     0.0775      0.111     0.0986
 301/699       16/16     0.144     0.166      1.12     0.269       1.7       143      1.27     0.0809      0.131      0.105
 302/699       16/16     0.145     0.166       1.1     0.271      1.68       114      1.27     0.0801      0.124      0.101
 303/699       16/16     0.143     0.163      1.16     0.269      1.73       141      1.26     0.0894      0.108      0.111
 304/699       16/16     0.145     0.165      1.15     0.268      1.73       118      1.33     0.0883      0.124       0.11
 305/699       16/16     0.142     0.167      1.11     0.264      1.68       122      1.32     0.0804      0.119      0.102
 306/699       16/16     0.144     0.166      1.12     0.279      1.71        98      1.27     0.0832      0.115      0.104
 307/699       16/16     0.144     0.168      1.12     0.263      1.69       144       1.3     0.0862      0.124      0.109
 308/699       16/16     0.145     0.163       1.1     0.266      1.67       126      1.27     0.0794      0.116     0.0987
 309/699       16/16     0.139     0.165      1.11     0.265      1.68       139      1.28     0.0837      0.114      0.107
 310/699       16/16     0.142     0.158      1.13      0.27       1.7       150      1.25      0.081      0.121      0.101
 311/699       16/16     0.144     0.163       1.1     0.259      1.67       153      1.27     0.0836      0.113      0.105
 312/699       16/16     0.144     0.167      1.12     0.267       1.7       147      1.29     0.0817      0.128      0.102
 313/699       16/16     0.141     0.162       1.1     0.265      1.67       103      1.25     0.0857      0.135      0.106
 314/699       16/16     0.142     0.161      1.09     0.265      1.66       113      1.27     0.0903      0.116       0.11
 315/699       16/16     0.142     0.162       1.1     0.267      1.68       137      1.26     0.0827      0.128     0.0989
 316/699       16/16     0.146     0.165      1.12     0.268       1.7       128      1.29     0.0813      0.113      0.103
 317/699       16/16     0.144      0.16      1.09     0.271      1.66       144      1.29     0.0891      0.116      0.106
 318/699       16/16     0.142     0.162      1.08     0.256      1.64       110      1.27     0.0868      0.121      0.108
 319/699       16/16     0.139     0.159       1.1     0.263      1.66       126      1.27     0.0865      0.119      0.107
 320/699       16/16     0.142     0.167      1.09     0.263      1.66       153      1.28     0.0889      0.112       0.11
 321/699       16/16     0.141     0.163      1.12     0.259      1.69       147      1.28     0.0846      0.128      0.103
 322/699       16/16     0.141     0.157      1.12     0.259      1.68       110      1.26     0.0838      0.129      0.103
 323/699       16/16     0.139     0.158       1.1     0.265      1.66       151      1.29     0.0859      0.121      0.109
 324/699       16/16     0.143     0.162      1.12     0.257      1.69       157      1.28     0.0816      0.134        0.1
 325/699       16/16      0.14      0.16      1.09     0.263      1.65       130      1.28      0.083      0.106      0.105
 326/699       16/16     0.139     0.162      1.09     0.254      1.64       100      1.27     0.0821      0.117      0.103
 327/699       16/16      0.14     0.162       1.1     0.261      1.66       127      1.25     0.0819       0.13      0.103
 328/699       16/16     0.141     0.159      1.09     0.258      1.65       123      1.28     0.0849      0.126      0.105
 329/699       16/16     0.142     0.161      1.08     0.261      1.65       136      1.26     0.0829      0.131        0.1
 330/699       16/16     0.139     0.155       1.1     0.263      1.65        77      1.25     0.0912      0.128      0.113
 331/699       16/16     0.141      0.16      1.06     0.253      1.62       135      1.26     0.0818      0.113      0.104
 332/699       16/16     0.141     0.164      1.11     0.253      1.66        96      1.24     0.0877      0.115      0.108
 333/699       16/16     0.141     0.161       1.1     0.269      1.67       111      1.28      0.077      0.119     0.0985
 334/699       16/16     0.141     0.161      1.06     0.256      1.62       126       1.3     0.0839      0.118      0.105
 335/699       16/16     0.145     0.164      1.08     0.261      1.65       134       1.3     0.0858      0.124      0.103
 336/699       16/16     0.141      0.16      1.09     0.251      1.64        95      1.26     0.0818      0.112      0.105
 337/699       16/16      0.14     0.161      1.06      0.25      1.61        97      1.27      0.088      0.119      0.111
 338/699       16/16     0.141     0.156      1.08     0.256      1.64       131      1.29     0.0827      0.118      0.109
 339/699       16/16     0.138     0.155      1.06     0.247       1.6       106      1.29     0.0852      0.111      0.107
 340/699       16/16     0.141     0.159      1.07      0.25      1.62       191      1.33     0.0833      0.118      0.106
 341/699       16/16     0.142     0.158      1.05      0.25       1.6       130      1.28     0.0858      0.129      0.105
 342/699       16/16     0.141     0.163      1.08     0.258      1.65       111      1.26     0.0861       0.12      0.112
 343/699       16/16     0.141     0.159      1.07     0.249      1.62       117      1.25     0.0782      0.124        0.1
 344/699       16/16      0.14     0.161      1.08     0.255      1.64       175      1.29     0.0864      0.119      0.108
 345/699       16/16     0.144     0.164      1.09      0.25      1.65        94      1.27      0.083       0.13      0.105
 346/699       16/16     0.141      0.16      1.12     0.259      1.68       170      1.33     0.0893      0.125      0.113
 347/699       16/16     0.141     0.157      1.06     0.254      1.61       136      1.32     0.0859      0.112      0.108
 348/699       16/16     0.139     0.159      1.08     0.251      1.63       108      1.27     0.0855      0.114      0.103
 349/699       16/16     0.141     0.158      1.02     0.252      1.57       119      1.26     0.0836      0.118      0.105
 350/699       16/16     0.138     0.159      1.09     0.255      1.64       148      1.29     0.0859      0.109      0.106
 351/699       16/16     0.141     0.159      1.08     0.255      1.64       121      1.24     0.0859      0.127       0.11
 352/699       16/16      0.14     0.162      1.06     0.251      1.62       118      1.27      0.081      0.122      0.105
 353/699       16/16     0.141     0.156      1.09      0.25      1.64       138      1.28     0.0924      0.118      0.117
 354/699       16/16      0.14     0.155      1.07      0.25      1.62       107       1.3      0.084      0.123      0.108
 355/699       16/16     0.138     0.156      1.07      0.25      1.61       110      1.33     0.0853      0.143      0.107
 356/699       16/16      0.14     0.158      1.05     0.255       1.6       119      1.26     0.0928      0.123      0.117
 357/699       16/16     0.141      0.16      1.08     0.248      1.63       124      1.24     0.0873       0.12      0.113
 358/699       16/16     0.138     0.156      1.07     0.253      1.62       129      1.28     0.0899      0.121      0.114
 359/699       16/16     0.139     0.154      1.04     0.251      1.59       143      1.27     0.0892      0.142      0.111
 360/699       16/16     0.139     0.159      1.06     0.243       1.6        93      1.29     0.0856      0.119      0.111
 361/699       16/16     0.139     0.158      1.04     0.248      1.58       120      1.26     0.0886       0.14      0.109
 362/699       16/16      0.14     0.162      1.08     0.249      1.63       127      1.26     0.0873      0.128      0.107
 363/699       16/16     0.139     0.155      1.07     0.246      1.61       128      1.29     0.0777      0.138     0.0947
 364/699       16/16     0.145     0.155      1.06      0.25      1.61       131      1.25     0.0804       0.11      0.103
 365/699       16/16     0.137     0.155      1.05     0.249       1.6       117      1.29     0.0869      0.138      0.109
 366/699       16/16      0.14     0.161      1.06      0.25      1.61       101      1.25     0.0872      0.123      0.109
 367/699       16/16     0.138     0.159      1.03     0.247      1.57       134      1.26     0.0872      0.122      0.111
 368/699       16/16     0.137     0.152      1.04      0.25      1.58       105      1.27     0.0765      0.122     0.0992
 369/699       16/16     0.139     0.155      1.05     0.242      1.58       123      1.25     0.0865      0.141      0.106
 370/699       16/16     0.138     0.154      1.05     0.259      1.59       124      1.33     0.0835      0.112      0.106
 371/699       16/16     0.139     0.154      1.05     0.244      1.58       124       1.3     0.0899      0.132       0.11
 372/699       16/16      0.14     0.158      1.06     0.248      1.61       107      1.26     0.0902      0.126      0.113
 373/699       16/16     0.138     0.159      1.05     0.247      1.59        94      1.29     0.0889      0.142      0.109
 374/699       16/16      0.14     0.156      1.04     0.243      1.58       110      1.27     0.0871      0.134      0.106
 375/699       16/16     0.139     0.153      1.05     0.251       1.6       144      1.29     0.0904      0.139      0.111
 376/699       16/16     0.137      0.15      1.06     0.245       1.6       112      1.29     0.0845      0.117      0.108
 377/699       16/16     0.137     0.152      1.02     0.245      1.56       137      1.27     0.0838       0.11      0.106
 378/699       16/16     0.138     0.158      1.07     0.242      1.61        98      1.25     0.0821      0.113      0.104
 379/699       16/16     0.137     0.153      1.06     0.242      1.59       113      1.27     0.0833      0.116      0.106
 380/699       16/16     0.136     0.151      1.06     0.246      1.59       146      1.25     0.0866      0.129      0.107
 381/699       16/16     0.139     0.158      1.06      0.24       1.6       145      1.26      0.083      0.128      0.105
 382/699       16/16     0.134     0.152      1.05     0.245      1.59       133      1.29     0.0853      0.109      0.107
 383/699       16/16     0.138     0.157      1.04     0.248      1.58        97      1.27     0.0855      0.116      0.107
 384/699       16/16     0.135     0.151      1.01     0.244      1.54       140      1.29      0.092      0.114      0.109
 385/699       16/16     0.138     0.159      1.03     0.241      1.57       134      1.29     0.0829      0.129      0.103
 386/699       16/16     0.139     0.153      1.02     0.242      1.56       112      1.28     0.0835      0.127      0.104
 387/699       16/16     0.138     0.153      1.03     0.237      1.55       111      1.24     0.0904      0.116      0.116
 388/699       16/16     0.136     0.154      1.03     0.241      1.56       140      1.29     0.0887      0.133      0.111
 389/699       16/16      0.14     0.154      1.02     0.239      1.56       135      1.28     0.0858      0.127      0.104
 390/699       16/16     0.136      0.15      1.07      0.24      1.59       114       1.3     0.0881      0.126      0.108
 391/699       16/16     0.135     0.155      1.03     0.235      1.55        98      1.29     0.0847      0.116      0.105
 392/699       16/16     0.138     0.155      1.03     0.233      1.56       116      1.27     0.0847      0.127      0.102
 393/699       16/16     0.137     0.156      1.04     0.243      1.58       133      1.27     0.0889       0.13      0.114
 394/699       16/16     0.138     0.152      1.04     0.238      1.56        99      1.31     0.0879      0.132      0.108
 395/699       16/16     0.138     0.157      1.02     0.235      1.55       104       1.3     0.0873      0.121      0.106
 396/699       16/16     0.137     0.153      1.04     0.237      1.56       148      1.33     0.0882       0.12       0.11
 397/699       16/16     0.137     0.153      1.03     0.245      1.57       130      1.25     0.0867      0.117      0.108
 398/699       16/16     0.136      0.15      1.01     0.231      1.53       119      1.27     0.0874      0.113      0.108
 399/699       16/16     0.138     0.152      1.02     0.235      1.54       126      1.24     0.0891      0.119      0.113
 400/699       16/16     0.137     0.153      1.07     0.241       1.6       132      1.29     0.0872      0.116      0.108
 401/699       16/16     0.139     0.153      1.02      0.23      1.54       127      1.28     0.0862      0.123      0.112
 402/699       16/16     0.136     0.149      1.02     0.238      1.54       161      1.27     0.0849       0.13      0.106
 403/699       16/16     0.135      0.15      1.02     0.237      1.54       121      1.25     0.0834      0.126      0.105
 404/699       16/16     0.136     0.152      1.01     0.233      1.53       118      1.29     0.0828      0.114      0.105
 405/699       16/16     0.138     0.152      1.02     0.236      1.55       133      1.27     0.0836      0.132      0.104
 406/699       16/16     0.134     0.153      1.01     0.238      1.53       120      1.27     0.0832      0.116      0.107
 407/699       16/16     0.135     0.152      1.02     0.238      1.55       125      1.26     0.0887      0.139      0.109
 408/699       16/16     0.137     0.151      1.01     0.232      1.53       156      1.24     0.0864      0.127      0.112
 409/699       16/16     0.136      0.15      1.05     0.234      1.57       140      1.27     0.0868       0.13      0.109
 410/699       16/16     0.138      0.15      1.02     0.239      1.54       132      1.33     0.0895      0.121      0.111
 411/699       16/16     0.136      0.15         1     0.234      1.52       157      1.33     0.0871      0.139      0.107
 412/699       16/16     0.139     0.152         1     0.248      1.54        71      1.29     0.0859      0.131      0.109
 413/699       16/16     0.138     0.157      1.02     0.236      1.55       122      1.33     0.0889      0.135      0.111
 414/699       16/16     0.135     0.151      1.03      0.24      1.56       137      1.26     0.0803      0.122      0.099
 415/699       16/16     0.136     0.153      1.01     0.225      1.52       115      1.34     0.0883       0.12      0.113
 416/699       16/16     0.136     0.149      1.01     0.241      1.54       147      1.27     0.0862      0.138      0.107
 417/699       16/16     0.134     0.159     0.978     0.232       1.5       102      1.27     0.0833      0.136      0.104
 418/699       16/16     0.135     0.149      1.03     0.241      1.55       170       1.3     0.0882      0.122      0.112
 419/699       16/16     0.135     0.153      1.02     0.228      1.54       139       1.3     0.0797      0.112      0.101
 420/699       16/16     0.135     0.152      1.03     0.233      1.55        97      1.27     0.0892      0.123      0.113
 421/699       16/16     0.135     0.147      1.01     0.232      1.52       127      1.31     0.0853      0.125      0.104
 422/699       16/16     0.136     0.147     0.985     0.235       1.5       113      1.29     0.0806      0.117      0.102
 423/699       16/16     0.131     0.148         1     0.232      1.52       126       1.3     0.0875      0.121      0.109
 424/699       16/16     0.135     0.149      1.02     0.238      1.54       133      1.26     0.0847      0.117      0.105
 425/699       16/16     0.135     0.152     0.971     0.235      1.49        95      1.27     0.0873      0.137      0.108
 426/699       16/16     0.134     0.149      1.01     0.227      1.52       111      1.24     0.0841      0.115      0.105
 427/699       16/16     0.134     0.147     0.999     0.226      1.51       122      1.26     0.0855      0.141      0.107
 428/699       16/16     0.132      0.15     0.986     0.234       1.5       159      1.25     0.0892      0.122      0.114
 429/699       16/16     0.131     0.147     0.991     0.226       1.5        90      1.26     0.0847      0.132      0.105
 430/699       16/16     0.135     0.146         1     0.229      1.51       128       1.3     0.0894      0.118      0.114
 431/699       16/16     0.132     0.146     0.958     0.222      1.46       132      1.27     0.0883      0.127      0.111
 432/699       16/16     0.133     0.146      0.97     0.233      1.48       102      1.25     0.0891      0.126      0.114
 433/699       16/16     0.134     0.149     0.972     0.227      1.48        85      1.28     0.0873      0.124       0.11
 434/699       16/16     0.133     0.147     0.968     0.229      1.48        88      1.25     0.0859      0.121      0.108
 435/699       16/16     0.136     0.148     0.994     0.233      1.51       123      1.25     0.0941      0.139      0.117
 436/699       16/16     0.135      0.15     0.999     0.222      1.51       140      1.29      0.092      0.144      0.111
 437/699       16/16      0.13     0.146     0.952     0.226      1.45        95      1.25     0.0902      0.133      0.111
 438/699       16/16     0.134     0.146     0.965     0.229      1.47       119      1.28      0.091      0.135      0.113
 439/699       16/16     0.132     0.146     0.977     0.225      1.48       109      1.26     0.0846      0.122      0.107
 440/699       16/16     0.134     0.147     0.983     0.237       1.5       104       1.3     0.0889      0.133      0.107
 441/699       16/16     0.135      0.15         1     0.231      1.52       110      1.28     0.0898       0.13      0.113
 442/699       16/16     0.133     0.151      1.04     0.227      1.55       114      1.27     0.0912      0.108      0.114
 443/699       16/16     0.133     0.151         1     0.227      1.51       113      1.27     0.0819      0.109      0.104
 444/699       16/16     0.132      0.15         1      0.23      1.51       135      1.28     0.0899      0.142      0.105
 445/699       16/16     0.134     0.146     0.991     0.227       1.5       143      1.25     0.0873      0.129      0.105
 446/699       16/16     0.132     0.145     0.948     0.224      1.45       109      1.27      0.091      0.129      0.114
 447/699       16/16     0.133     0.146     0.962     0.231      1.47       109      1.27     0.0885      0.122      0.111
 448/699       16/16     0.132     0.149      1.02     0.229      1.53       136      1.27     0.0906      0.117      0.112
 449/699       16/16     0.131     0.149     0.988     0.233       1.5       118      1.27     0.0916      0.128      0.112
 450/699       16/16     0.134     0.144     0.994     0.226       1.5       160      1.25     0.0913      0.134      0.113
 451/699       16/16     0.134     0.146     0.997     0.226       1.5       126      1.28     0.0929       0.13      0.114
 452/699       16/16     0.133     0.147         1     0.219       1.5       150      1.26     0.0927      0.119      0.113
 453/699       16/16     0.133     0.149      1.01     0.223      1.51       140      1.27     0.0869      0.136      0.112
 454/699       16/16     0.134     0.143     0.961     0.228      1.47       104      1.24     0.0923      0.114      0.119
 455/699       16/16      0.13      0.14     0.974     0.214      1.46       114      1.27     0.0932      0.132      0.114
 456/699       16/16     0.131     0.146     0.972     0.222      1.47       135      1.25     0.0888      0.128      0.108
 457/699       16/16     0.134     0.146         1     0.219       1.5       128      1.25     0.0908      0.134      0.113
 458/699       16/16     0.133     0.144     0.992     0.225      1.49       154      1.26     0.0902      0.139      0.112
 459/699       16/16     0.131     0.144      0.99     0.218      1.48       137      1.28     0.0895      0.141      0.113
 460/699       16/16     0.132     0.148     0.978     0.214      1.47        86      1.27     0.0854       0.11      0.109
 461/699       16/16     0.131     0.147     0.956      0.22      1.45       142      1.26     0.0897      0.128       0.11
 462/699       16/16     0.131     0.145     0.976     0.223      1.47       117      1.27     0.0959      0.126      0.119
 463/699       16/16     0.131     0.142     0.969     0.219      1.46       135      1.26     0.0904      0.133      0.113
 464/699       16/16     0.131      0.15     0.976     0.223      1.48       105      1.26     0.0912      0.128      0.114
 465/699       16/16     0.132     0.145         1     0.224       1.5       114      1.25     0.0951      0.117      0.122
 466/699       16/16     0.132     0.147     0.959     0.224      1.46       113      1.25     0.0907      0.134      0.113
 467/699       16/16      0.13     0.142     0.939     0.213      1.42        95      1.27     0.0904      0.132      0.112
 468/699       16/16     0.132     0.144     0.955     0.216      1.45       107      1.26     0.0914      0.125      0.112
 469/699       16/16     0.129     0.146     0.937     0.216      1.43        90      1.27     0.0913      0.119      0.115
 470/699       16/16     0.129     0.145      0.97     0.227      1.47       134      1.28     0.0895      0.129      0.108
 471/699       16/16      0.13     0.143     0.992     0.215      1.48       115      1.26     0.0946      0.122      0.118
 472/699       16/16     0.128     0.143     0.962     0.222      1.46       113      1.25     0.0874      0.117      0.109
 473/699       16/16     0.133     0.142      0.96     0.217      1.45       137      1.29     0.0895      0.124      0.115
 474/699       16/16     0.131     0.141     0.977     0.218      1.47       139      1.26     0.0805      0.109      0.105
 475/699       16/16      0.13     0.145     0.972      0.21      1.46       112      1.25     0.0891      0.135      0.108
 476/699       16/16     0.132     0.144     0.945     0.212      1.43       120      1.29     0.0909      0.124      0.116
 477/699       16/16     0.128     0.143     0.959     0.215      1.45       129      1.24     0.0897      0.123      0.112
 478/699       16/16     0.129     0.147     0.967     0.223      1.47       151      1.31     0.0915      0.122      0.119
 479/699       16/16     0.132     0.144     0.968     0.221      1.47       135      1.26     0.0912      0.128       0.11
 480/699       16/16     0.131     0.146     0.977     0.217      1.47       111       1.3     0.0894      0.121      0.113
 481/699       16/16     0.129     0.143     0.985     0.216      1.47       121      1.32      0.083      0.142      0.105
 482/699       16/16     0.129     0.141     0.968     0.215      1.45       110      1.26     0.0859      0.128      0.104
 483/699       16/16     0.129     0.142     0.971     0.221      1.46       158      1.25     0.0896      0.115      0.112
 484/699       16/16     0.128     0.142     0.964      0.22      1.45       157       1.3     0.0911      0.126       0.11
 485/699       16/16      0.13     0.142     0.922     0.216      1.41       106      1.25     0.0886      0.136      0.107
 486/699       16/16     0.129     0.139     0.954     0.207      1.43       160      1.27     0.0812      0.121      0.105
 487/699       16/16     0.131     0.145     0.973     0.215      1.46       126      1.27     0.0882      0.127      0.114
 488/699       16/16     0.131     0.144     0.954     0.216      1.44       142      1.26      0.089       0.13      0.106
 489/699       16/16     0.131     0.142     0.961     0.208      1.44       109      1.27      0.095       0.13      0.116
 490/699       16/16     0.133     0.145     0.971     0.214      1.46       115      1.25     0.0955      0.125      0.116
 491/699       16/16     0.131     0.146     0.972     0.214      1.46       112      1.28     0.0964      0.144       0.12
 492/699       16/16     0.129     0.146      0.94     0.213      1.43       117       1.3     0.0942      0.137      0.115
 493/699       16/16     0.132      0.14     0.929     0.216      1.42        81       1.3     0.0896      0.129      0.109
 494/699       16/16      0.13     0.143     0.951     0.218      1.44       102      1.29       0.09      0.124      0.115
 495/699       16/16     0.131     0.143     0.944     0.203      1.42       132      1.27     0.0911      0.122      0.115
 496/699       16/16     0.128     0.141     0.954     0.211      1.43       136      1.28     0.0914      0.119      0.115
 497/699       16/16     0.128     0.141      0.94     0.215      1.42       117      1.27     0.0876      0.124      0.107
 498/699       16/16     0.129     0.147     0.969     0.215      1.46       111      1.27     0.0902      0.126      0.108
 499/699       16/16      0.13     0.143     0.933     0.213      1.42       129      1.28     0.0895      0.119      0.114
 500/699       16/16     0.128     0.145     0.971     0.216      1.46        91      1.25     0.0924      0.132       0.11
 501/699       16/16     0.126     0.141      0.94     0.209      1.42       129      1.27     0.0902      0.128      0.107
 502/699       16/16     0.131     0.141     0.934     0.207      1.41       156      1.27      0.083       0.11     0.0985
 503/699       16/16     0.128     0.141      0.96     0.208      1.44       106      1.28     0.0874      0.119       0.11
 504/699       16/16     0.129     0.141      0.96     0.218      1.45       141      1.26     0.0877      0.109      0.111
 505/699       16/16      0.13     0.141     0.967     0.215      1.45       133      1.26     0.0901      0.113      0.113
 506/699       16/16     0.127     0.142     0.925     0.208       1.4       126       1.3     0.0895      0.106      0.108
 507/699       16/16     0.128     0.142     0.927     0.208       1.4       116      1.31     0.0894      0.131      0.112
 508/699       16/16      0.13     0.142     0.949     0.218      1.44       135      1.27     0.0838      0.113      0.105
 509/699       16/16     0.128     0.141     0.958     0.204      1.43       136      1.28      0.089      0.126      0.112
 510/699       16/16     0.127      0.14     0.925     0.214      1.41       132      1.28     0.0939      0.136      0.112
 511/699       16/16     0.129     0.139     0.943     0.207      1.42       146      1.27     0.0892      0.131      0.109
 512/699       16/16     0.128     0.137     0.933     0.205       1.4       133      1.27     0.0845      0.114      0.106
 513/699       16/16     0.129     0.139     0.927     0.203       1.4       120      1.36     0.0844      0.136      0.108
 514/699       16/16     0.125     0.136     0.949     0.207      1.42       140       1.3     0.0875      0.133      0.108
 515/699       16/16     0.128     0.138     0.949     0.209      1.42       131      1.27     0.0837      0.127      0.105
 516/699       16/16     0.128     0.139     0.917     0.206      1.39       122      1.28     0.0851      0.131      0.106
 517/699       16/16     0.128     0.139      0.95     0.208      1.42       155      1.27      0.092       0.13      0.118
 518/699       16/16     0.129     0.142     0.958     0.205      1.43       125      1.29     0.0894       0.13      0.112
 519/699       16/16     0.126     0.139     0.939     0.205      1.41       117      1.25     0.0818      0.121      0.101
 520/699       16/16     0.129      0.14      0.95     0.205      1.42       153      1.28     0.0869      0.115      0.108
 521/699       16/16     0.124     0.135     0.923     0.204      1.39       134      1.26     0.0827      0.112      0.107
 522/699       16/16     0.127     0.136     0.932     0.208       1.4       121      1.25     0.0827       0.12      0.104
 523/699       16/16     0.125      0.14      0.96     0.199      1.42       138      1.28     0.0822      0.121      0.101
 524/699       16/16     0.128     0.141     0.934     0.207      1.41       122      1.29     0.0806       0.12     0.0983
 525/699       16/16     0.129     0.141      0.91     0.207      1.39       134       1.3     0.0857      0.122      0.106
 526/699       16/16      0.13      0.14      0.94     0.211      1.42       140      1.29     0.0888      0.128       0.11
 527/699       16/16     0.129     0.138     0.926     0.209       1.4       131      1.26     0.0899      0.114      0.113
 528/699       16/16     0.128     0.137     0.947     0.212      1.42       112      1.32      0.089      0.124      0.117
 529/699       16/16     0.126     0.139     0.934     0.209      1.41        97      1.25     0.0799       0.11      0.101
 530/699       16/16     0.127     0.136     0.923     0.198      1.38       149       1.3      0.086      0.124      0.109
 531/699       16/16     0.128      0.14     0.924     0.203      1.39        96      1.27     0.0936      0.123      0.119
 532/699       16/16     0.126     0.137     0.881       0.2      1.34       129      1.24     0.0912      0.132      0.113
 533/699       16/16     0.125     0.138      0.94     0.203      1.41       128      1.23     0.0894      0.136       0.11
 534/699       16/16     0.125     0.139     0.951      0.21      1.42       146      1.27     0.0887      0.133      0.108
 535/699       16/16     0.128     0.139     0.924     0.209       1.4       106      1.25     0.0877      0.134      0.108
 536/699       16/16     0.126     0.135     0.914     0.208      1.38       117       1.3     0.0947      0.124      0.119
 537/699       16/16     0.127     0.136     0.924     0.223      1.41       102      1.25     0.0843      0.123      0.104
 538/699       16/16      0.13      0.14     0.936     0.207      1.41        87       1.3     0.0931      0.121      0.118
 539/699       16/16     0.127     0.141      0.91     0.202      1.38       119      1.27     0.0903      0.133       0.11
 540/699       16/16     0.125     0.137     0.902      0.21      1.37       131      1.28     0.0842      0.115      0.106
 541/699       16/16      0.13     0.136     0.976     0.207      1.45       193      1.28     0.0902      0.138      0.114
 542/699       16/16     0.128     0.137     0.919     0.207      1.39       131      1.28      0.088      0.143      0.106
 543/699       16/16     0.126     0.138     0.916     0.203      1.38       143      1.26     0.0921      0.133       0.11
 544/699       16/16     0.126     0.137     0.944     0.204      1.41       120      1.28     0.0883      0.124      0.105
 545/699       16/16     0.126     0.141     0.937     0.198       1.4       140      1.28     0.0876      0.119      0.109
 546/699       16/16     0.125     0.141     0.898     0.202      1.37       137      1.25     0.0931      0.136      0.113
 547/699       16/16     0.125      0.14     0.969     0.201      1.44       112      1.24     0.0906      0.132      0.111
 548/699       16/16     0.125     0.137      0.91     0.201      1.37       135      1.28      0.092      0.143      0.112
 549/699       16/16     0.126     0.134      0.92     0.197      1.38       152      1.25     0.0874      0.125      0.112
 550/699       16/16     0.126     0.139     0.918     0.195      1.38       130      1.28      0.087      0.127      0.104
 551/699       16/16     0.125     0.138     0.914     0.205      1.38       109      1.27     0.0835      0.127      0.101
 552/699       16/16     0.126     0.133     0.899     0.198      1.36       138      1.27     0.0906      0.126      0.116
 553/699       16/16     0.124     0.138     0.929     0.204       1.4       162      1.24     0.0909      0.127      0.113
 554/699       16/16     0.127      0.14     0.917     0.204      1.39       126      1.25     0.0895      0.125      0.113
 555/699       16/16     0.121     0.137     0.928     0.194      1.38       167      1.27     0.0911      0.134       0.11
 556/699       16/16     0.129     0.132     0.892       0.2      1.35       107      1.24     0.0911      0.121      0.108
 557/699       16/16     0.126     0.133     0.893     0.192      1.34       129       1.3     0.0916       0.12      0.111
 558/699       16/16     0.126     0.138      0.91     0.195      1.37       143      1.32     0.0936      0.128      0.115
 559/699       16/16     0.124     0.137     0.885     0.192      1.34       143      1.25     0.0897      0.119       0.11
 560/699       16/16     0.123     0.133     0.914     0.201      1.37       115      1.29      0.095      0.119      0.119
 561/699       16/16     0.125     0.138      0.92     0.203      1.39        99      1.27     0.0835      0.122      0.105
 562/699       16/16     0.125     0.134     0.924     0.199      1.38       106      1.26     0.0857      0.127      0.106
 563/699       16/16     0.124     0.134     0.919     0.197      1.37       143      1.31     0.0882      0.132       0.11
 564/699       16/16     0.126     0.135     0.862     0.199      1.32       124      1.28     0.0857      0.129      0.105
 565/699       16/16     0.123     0.131     0.903     0.198      1.35       122      1.26      0.087      0.127      0.107
 566/699       16/16     0.123     0.134     0.895     0.191      1.34       169      1.27     0.0856       0.13      0.107
 567/699       16/16     0.124     0.136     0.892     0.204      1.36       168      1.28     0.0928      0.137      0.111
 568/699       16/16     0.125     0.133     0.907     0.203      1.37       103      1.26     0.0785      0.115      0.101
 569/699       16/16     0.124     0.134       0.9     0.194      1.35       127      1.27     0.0886       0.14       0.11
 570/699       16/16     0.125     0.136     0.884     0.202      1.35       120      1.29     0.0813      0.114      0.101
 571/699       16/16     0.126     0.135     0.918     0.197      1.38       130      1.28     0.0897      0.124      0.112
 572/699       16/16     0.124     0.133     0.904     0.195      1.36       130      1.26     0.0848      0.119      0.105
 573/699       16/16     0.121     0.136     0.908     0.196      1.36       139      1.27     0.0974      0.142      0.117
 574/699       16/16     0.126     0.135     0.911     0.199      1.37       119      1.27     0.0871      0.125      0.108
 575/699       16/16     0.124     0.134     0.905     0.196      1.36       159      1.27     0.0892      0.138      0.111
 576/699       16/16     0.126     0.138     0.919     0.194      1.38        84      1.26     0.0924      0.136      0.112
 577/699       16/16     0.127     0.141     0.936     0.199       1.4       143      1.25     0.0878      0.124       0.11
 578/699       16/16     0.122     0.135     0.903     0.199      1.36       109      1.26     0.0844      0.114      0.104
 579/699       16/16     0.129     0.141     0.953     0.204      1.43       110      1.25     0.0882      0.126      0.108
 580/699       16/16     0.125     0.138     0.918     0.207      1.39       122      1.27      0.093      0.133      0.115
 581/699       16/16     0.125     0.136     0.914     0.196      1.37       132      1.27     0.0872      0.115      0.111
 582/699       16/16     0.123     0.135     0.928     0.198      1.38       113      1.25      0.098       0.14      0.118
 583/699       16/16     0.124     0.133       0.9     0.196      1.35       144      1.28     0.0887      0.124      0.109
 584/699       16/16     0.122     0.131     0.882     0.189      1.32       149      1.26     0.0892      0.119      0.117
 585/699       16/16     0.125     0.132     0.917     0.185      1.36       132      1.26     0.0867      0.131      0.109
 586/699       16/16     0.122     0.132     0.878     0.195      1.33       134      1.25     0.0922      0.116       0.11
 587/699       16/16     0.124     0.136     0.875     0.194      1.33       124      1.28      0.091      0.127      0.109
 588/699       16/16     0.124     0.133     0.904     0.191      1.35       173      1.26      0.092      0.122      0.111
 589/699       16/16     0.123     0.134     0.873     0.181      1.31       107      1.26     0.0848      0.136      0.102
 590/699       16/16     0.122     0.132     0.878     0.188      1.32       167      1.27     0.0957      0.125      0.118
 591/699       16/16     0.118     0.129     0.902     0.188      1.34       130      1.28     0.0844      0.132      0.105
 592/699       16/16     0.125     0.134     0.898     0.193      1.35       126      1.29     0.0883       0.11      0.106
 593/699       16/16     0.125     0.134     0.913     0.191      1.36       145      1.29     0.0821      0.128        0.1
 594/699       16/16     0.122     0.134     0.915     0.187      1.36       127      1.25     0.0893      0.136       0.11
 595/699       16/16     0.125      0.13     0.899     0.187      1.34       140      1.27     0.0799      0.131     0.0959
 596/699       16/16     0.122     0.134      0.92     0.189      1.36       122      1.27     0.0963      0.148      0.113
 597/699       16/16     0.124     0.129     0.864     0.184       1.3       144      1.31     0.0861       0.13      0.106
 598/699       16/16     0.125     0.136     0.896     0.187      1.34       141      1.27      0.092      0.148      0.113
 599/699       16/16     0.124      0.13     0.863     0.192      1.31        81      1.29      0.093      0.139      0.113
 600/699       16/16     0.124     0.133     0.907     0.186      1.35       109      1.28     0.0935      0.136      0.114
 601/699       16/16     0.124     0.129     0.876     0.187      1.32       131      1.26     0.0917      0.127      0.113
 602/699       16/16     0.126     0.135     0.883     0.186      1.33       115      1.25     0.0972      0.139      0.119
 603/699       16/16     0.121      0.13     0.876      0.18      1.31       126      1.25     0.0889      0.113      0.111
 604/699       16/16     0.124     0.136      0.89      0.19      1.34       133      1.28     0.0898      0.137      0.108
 605/699       16/16      0.12     0.132      0.89     0.194      1.34       142      1.27     0.0922       0.13      0.113
 606/699       16/16      0.12     0.134      0.88     0.189      1.32       113      1.25     0.0924      0.127      0.112
 607/699       16/16     0.123     0.129     0.881     0.189      1.32       112      1.25     0.0846      0.121      0.101
 608/699       16/16     0.122     0.132     0.847     0.191      1.29       133      1.29     0.0953      0.132      0.115
 609/699       16/16     0.121      0.13     0.874      0.19      1.32       132      1.28     0.0882      0.125      0.106
 610/699       16/16     0.123     0.132     0.906     0.184      1.35       119      1.28     0.0924      0.127      0.109
 611/699       16/16      0.12     0.131     0.859     0.189       1.3        89      1.28     0.0881      0.122      0.106
 612/699       16/16     0.122     0.132     0.897      0.19      1.34       135      1.26     0.0858      0.121      0.104
 613/699       16/16     0.121     0.134     0.889     0.189      1.33       113      1.26      0.096      0.118      0.118
 614/699       16/16     0.122     0.131     0.879     0.186      1.32       132      1.25     0.0932      0.119      0.113
 615/699       16/16     0.123     0.134     0.878     0.192      1.33       115      1.28      0.086      0.126      0.108
 616/699       16/16     0.121     0.131     0.861     0.187       1.3       118      1.29       0.09      0.124      0.111
 617/699       16/16     0.121     0.132     0.866     0.188      1.31       125      1.27     0.0908      0.135      0.113
 618/699       16/16     0.119     0.133     0.882     0.193      1.33       106      1.27      0.089      0.141       0.11
 619/699       16/16     0.122     0.131     0.871     0.176       1.3       158       1.3     0.0915      0.132      0.108
 620/699       16/16     0.121     0.132     0.858     0.185       1.3        88      1.23     0.0831      0.134      0.103
 621/699       16/16     0.122     0.132     0.896     0.188      1.34       112      1.29     0.0903      0.131       0.11
 622/699       16/16      0.12      0.13     0.874     0.178       1.3        89      1.23     0.0876      0.123      0.107
 623/699       16/16     0.117      0.13     0.877     0.185      1.31       112      1.26      0.092      0.137      0.112
 624/699       16/16     0.121     0.128     0.883     0.182      1.31       104      1.27     0.0835      0.131     0.0992
 625/699       16/16      0.12     0.127     0.869     0.186       1.3       111      1.27     0.0837      0.125      0.105
 626/699       16/16      0.12     0.128     0.869     0.194      1.31       158      1.27     0.0903      0.127      0.113
 627/699       16/16     0.121     0.129     0.853     0.188      1.29       112      1.26     0.0908      0.131      0.111
 628/699       16/16     0.121     0.132     0.869     0.184      1.31       134      1.26     0.0892      0.142      0.108
 629/699       16/16     0.117     0.125     0.835     0.182      1.26       119      1.26     0.0907      0.131      0.109
 630/699       16/16      0.12     0.133       0.9     0.189      1.34       146      1.25     0.0937      0.122      0.114
 631/699       16/16      0.12     0.128     0.875     0.182       1.3       142      1.27     0.0897       0.13       0.11
 632/699       16/16     0.121     0.129     0.858     0.178      1.29       167      1.29     0.0832      0.129        0.1
 633/699       16/16     0.122     0.132     0.874     0.187      1.32       130      1.27     0.0825      0.127        0.1
 634/699       16/16     0.122      0.13      0.88     0.181      1.31       135      1.26     0.0836      0.127      0.102
 635/699       16/16     0.121     0.128      0.87     0.184       1.3       142      1.24     0.0915       0.14      0.114
 636/699       16/16     0.125     0.128     0.874     0.188      1.32       150      1.27      0.092      0.127      0.112
 637/699       16/16     0.123     0.127     0.899     0.182      1.33       131      1.28     0.0889      0.116      0.112
 638/699       16/16     0.121     0.129     0.906     0.187      1.34       148      1.27     0.0918      0.132       0.11
 639/699       16/16     0.123     0.133     0.866     0.188      1.31       122      1.27     0.0872      0.126      0.111
 640/699       16/16     0.124     0.128     0.872     0.181       1.3       154      1.26     0.0947       0.14      0.116
 641/699       16/16     0.118     0.128     0.863     0.181      1.29       120      1.27     0.0888      0.145      0.108
 642/699       16/16     0.122     0.128     0.835     0.186      1.27       125      1.24      0.087       0.14      0.105
 643/699       16/16     0.122      0.13     0.876     0.182      1.31       141      1.27     0.0918      0.132      0.114
 644/699       16/16     0.118     0.128     0.842     0.185      1.27       137       1.3     0.0896      0.133      0.108
 645/699       16/16     0.121     0.128     0.855     0.175      1.28       123      1.27     0.0918       0.13      0.115
 646/699       16/16     0.119     0.127     0.884     0.183      1.31       142      1.32      0.089      0.133      0.107
 647/699       16/16     0.119      0.13      0.86     0.181      1.29       102      1.25     0.0924      0.126      0.116
 648/699       16/16     0.118     0.127     0.888     0.175      1.31       127      1.28     0.0866      0.133      0.104
 649/699       16/16     0.121     0.129     0.844     0.172      1.27       153      1.25     0.0934      0.126      0.119
 650/699       16/16     0.121     0.127      0.86     0.178      1.29       132      1.27     0.0927      0.131      0.113
 651/699       16/16     0.121     0.126     0.874     0.174      1.29       101      1.28     0.0834      0.115      0.101
 652/699       16/16     0.119     0.128     0.854     0.175      1.28       111      1.29     0.0915      0.128      0.117
 653/699       16/16     0.119     0.129     0.878     0.177       1.3       121      1.26     0.0871      0.121      0.109
 654/699       16/16     0.122     0.129     0.848     0.177      1.28       127       1.3     0.0921      0.119      0.114
 655/699       16/16     0.121     0.128     0.882     0.177      1.31       122      1.27     0.0849      0.119       0.11
 656/699       16/16      0.12     0.129     0.866     0.175      1.29       111      1.25     0.0931      0.145      0.113
 657/699       16/16     0.118     0.126     0.832      0.18      1.26        85      1.28     0.0858      0.124       0.11
 658/699       16/16     0.118     0.125     0.868     0.178      1.29       149      1.31     0.0905      0.142      0.111
 659/699       16/16     0.119     0.129     0.857     0.179      1.28       121      1.28     0.0899      0.128      0.112
 660/699       16/16      0.12     0.129     0.876     0.183      1.31       126      1.26     0.0929      0.125      0.112
 661/699       16/16      0.12     0.129     0.869     0.185       1.3       160      1.27     0.0865      0.125      0.109
 662/699       16/16     0.119     0.128     0.862     0.179      1.29       149      1.25     0.0814      0.114      0.102
 663/699       16/16     0.118      0.13     0.877     0.177       1.3       116      1.26     0.0842      0.121        0.1
 664/699       16/16     0.122     0.129      0.87     0.172      1.29       206       1.3     0.0878      0.117      0.113
 665/699       16/16     0.121     0.126     0.845     0.178      1.27       126      1.29     0.0832       0.13     0.0979
 666/699       16/16     0.119     0.125     0.861     0.171      1.28       135      1.29     0.0895      0.125      0.109
 667/699       16/16     0.115     0.125     0.825     0.175      1.24       168      1.27     0.0838      0.121      0.101
 668/699       16/16     0.121     0.129     0.845     0.179      1.27       151      1.27     0.0918      0.128      0.107
 669/699       16/16     0.118     0.128     0.863     0.175      1.28       151      1.25      0.085      0.118      0.106
 670/699       16/16     0.117     0.128     0.825     0.173      1.24       104      1.28     0.0906      0.143      0.112
 671/699       16/16      0.12     0.125     0.842     0.171      1.26       123      1.27     0.0834      0.124        0.1
 672/699       16/16      0.12     0.129     0.859      0.17      1.28       118      1.29     0.0936      0.128      0.117
 673/699       16/16     0.118     0.127     0.873     0.175      1.29       144      1.26     0.0926      0.138      0.112
 674/699       16/16     0.118     0.124     0.825     0.176      1.24       112      1.24     0.0909      0.122      0.107
 675/699       16/16     0.117     0.126     0.856     0.175      1.27        98      1.27     0.0887      0.128      0.109
 676/699       16/16     0.117     0.127     0.862     0.174      1.28       115      1.27     0.0913      0.128      0.109
 677/699       16/16      0.12     0.126     0.838     0.175      1.26       110      1.24     0.0941      0.142      0.112
 678/699       16/16     0.119     0.128     0.852     0.175      1.27       116      1.28     0.0869      0.134      0.108
 679/699       16/16     0.117      0.13     0.853     0.174      1.27       121      1.26     0.0957      0.129      0.115
 680/699       16/16     0.119     0.126     0.825      0.17      1.24       127      1.25     0.0839      0.133      0.101
 681/699       16/16     0.118     0.127     0.831      0.17      1.25       101      1.27     0.0941      0.147      0.113
 682/699       16/16     0.119     0.126     0.828     0.178      1.25       104      1.27     0.0903      0.142      0.109
 683/699       16/16     0.119     0.127     0.864     0.177      1.29       133      1.27     0.0855       0.11      0.107
 684/699       16/16     0.118     0.129     0.847      0.17      1.26       124      1.32     0.0932      0.135      0.113
 685/699       16/16     0.119     0.129      0.83     0.169      1.25       105      1.25     0.0844      0.128      0.105
 686/699       16/16     0.119      0.13     0.872     0.177       1.3        97      1.27     0.0863      0.129      0.104
 687/699       16/16     0.117     0.126     0.821     0.172      1.24        91      1.28     0.0882      0.118      0.111
 688/699       16/16     0.116     0.125     0.839     0.178      1.26       132      1.26      0.095      0.132      0.116
 689/699       16/16     0.116     0.126      0.82     0.169      1.23       158      1.26     0.0833      0.127      0.106
 690/699       16/16     0.115     0.125     0.824     0.179      1.24       100      1.28     0.0919      0.138      0.109
 691/699       16/16     0.118     0.125      0.83     0.174      1.25       137      1.29     0.0843      0.107      0.104
 692/699       16/16     0.117     0.127     0.852      0.17      1.27       121      1.24     0.0901       0.13      0.111
 693/699       16/16     0.116     0.122     0.856     0.166      1.26        99       1.3     0.0854      0.105      0.106
 694/699       16/16     0.116     0.124     0.846     0.171      1.26       129      1.28      0.091      0.138      0.113
 695/699       16/16     0.118     0.124     0.832     0.171      1.24       124      1.25     0.0846      0.113      0.108
 696/699       16/16     0.116     0.127     0.841     0.166      1.25       117      1.26      0.087      0.132      0.111
 697/699       16/16     0.116     0.124     0.867     0.173      1.28       146      1.29     0.0879      0.119      0.107
 698/699       16/16     0.118     0.124     0.835     0.175      1.25       121      1.27     0.0852      0.122      0.108
 699/699       16/16     0.118     0.124     0.832     0.166      1.24       140      1.26     0.0922      0.127      0.117
