   1/100     337/337     0.234     0.476       4.2     0.824      5.73        40       9.3     0.0127     0.0443     0.0185
   2/100     337/337     0.211     0.358      2.22     0.546      3.33        32     0.694     0.0377     0.0823     0.0504
   3/100     337/337     0.197      0.31      2.01     0.479      2.99        57     0.684     0.0662      0.107     0.0877
   4/100     337/337     0.186     0.286      1.88      0.44      2.79        42      0.66     0.0713      0.133     0.0892
   5/100     337/337     0.177     0.265      1.79     0.409      2.64        28     0.663     0.0774      0.132     0.0958
   6/100     337/337      0.17     0.256      1.74     0.393      2.56        51     0.666     0.0949      0.144      0.118
   7/100     337/337     0.164     0.243      1.67     0.376      2.46        54     0.659      0.106      0.153      0.127
   8/100     337/337     0.159     0.234      1.63     0.363      2.39        54     0.658      0.104      0.139      0.132
   9/100     337/337     0.154     0.225      1.58     0.354      2.31        62     0.656      0.118      0.127      0.155
  10/100     337/337     0.151     0.218      1.54     0.342      2.25        30     0.668      0.116      0.136       0.15
  11/100     337/337     0.147     0.212      1.51      0.33      2.19        22     0.676      0.132      0.196      0.156
  12/100     337/337     0.143     0.206      1.48     0.325      2.15        37     0.666      0.126      0.177      0.153
  13/100     337/337     0.141     0.203      1.44      0.32      2.11        62     0.661      0.135        0.2      0.158
  14/100     337/337     0.137     0.198      1.42     0.318      2.07        41     0.683      0.146      0.212      0.173
  15/100     337/337     0.135     0.193       1.4     0.305      2.03        55     0.662      0.142      0.195      0.168
  16/100     337/337     0.133      0.19      1.37     0.304         2        39     0.697      0.152      0.192      0.181
  17/100     337/337      0.13     0.186      1.35     0.295      1.97        51     0.706      0.153      0.218      0.178
  18/100     337/337     0.128     0.182      1.33     0.293      1.93        58     0.697      0.154      0.207      0.183
  19/100     337/337     0.127     0.182      1.32     0.288      1.92        39     0.706      0.158      0.203      0.186
  20/100     337/337     0.126     0.178       1.3     0.281      1.88        40     0.697      0.163      0.213      0.191
  21/100     337/337     0.124     0.175      1.28     0.281      1.86        29     0.695      0.167      0.225      0.196
  22/100     337/337     0.123     0.174      1.27     0.274      1.84        38     0.692       0.18      0.265      0.205
  23/100     337/337     0.121     0.172      1.25     0.268      1.82        48     0.688      0.185      0.253      0.214
  24/100     337/337      0.12     0.168      1.25     0.267       1.8        62     0.705      0.182      0.257      0.208
  25/100     337/337     0.119     0.168      1.23     0.266      1.78        53     0.709       0.17      0.248      0.196
  26/100     337/337     0.116     0.165      1.21      0.26      1.75        56     0.702      0.181      0.265      0.207
  27/100     337/337     0.116     0.162       1.2     0.255      1.73        45       0.7      0.181      0.243      0.211
  28/100     337/337     0.115     0.161      1.19     0.254      1.72        44     0.695      0.199       0.27      0.227
  29/100     337/337     0.113     0.159      1.18      0.25       1.7        44     0.691      0.195      0.261      0.222
  30/100     337/337     0.113     0.159      1.18     0.249       1.7        43     0.691        0.2       0.23      0.239
  31/100     337/337     0.112     0.156      1.15     0.245      1.67        28     0.692       0.19      0.297      0.211
  32/100     337/337     0.111     0.154      1.15     0.243      1.66        50       0.7      0.207      0.278      0.236
  33/100     337/337      0.11     0.154      1.14     0.242      1.64        42     0.702      0.196      0.298      0.218
  34/100     337/337     0.108     0.153      1.12     0.237      1.62        48     0.693      0.204      0.303      0.227
  35/100     337/337     0.108     0.151      1.12     0.235      1.62        52     0.705      0.203      0.247      0.239
  36/100     337/337     0.107     0.149      1.12     0.236      1.61        26     0.709      0.206      0.276      0.239
  37/100     337/337     0.107     0.149       1.1     0.232      1.59        56     0.704      0.219       0.28      0.249
  38/100     337/337     0.106     0.148      1.11      0.23      1.59        52     0.702      0.213      0.281      0.245
  39/100     337/337     0.105     0.146      1.09     0.228      1.57        48     0.718      0.211       0.29      0.237
  40/100     337/337     0.105     0.144      1.08     0.228      1.56        36     0.704      0.215      0.322      0.238
  41/100     337/337     0.103     0.144      1.07     0.226      1.54        34     0.701       0.22      0.289       0.25
  42/100     337/337     0.104     0.144      1.08      0.22      1.54        32     0.702      0.219      0.326      0.243
  43/100     337/337     0.102     0.144      1.07      0.22      1.53        31     0.711      0.219      0.295      0.248
  44/100     337/337     0.102     0.141      1.06     0.218      1.52        37     0.694      0.226      0.288      0.259
  45/100     337/337     0.101     0.139      1.05     0.213       1.5        32     0.691      0.226      0.292      0.258
  46/100     337/337       0.1      0.14      1.05     0.214       1.5        39     0.702      0.222      0.315      0.249
  47/100     337/337       0.1     0.138      1.04     0.208      1.48        46     0.704       0.22      0.306      0.246
  48/100     337/337    0.0995     0.136      1.03     0.206      1.47        29     0.699      0.232      0.326       0.26
  49/100     337/337    0.0993     0.136      1.03     0.205      1.47        34     0.699      0.231      0.301      0.263
  50/100     337/337    0.0977     0.136      1.02     0.204      1.46        51     0.711      0.235      0.291      0.267
  51/100     337/337    0.0954     0.129     0.964     0.191      1.38        53     0.688      0.241      0.318      0.271
  52/100     337/337    0.0938     0.125     0.951     0.186      1.36        50      0.71      0.241      0.311      0.271
  53/100     337/337    0.0933     0.125     0.947     0.184      1.35        70     0.712      0.242      0.317      0.271
  54/100     337/337     0.093     0.123     0.938     0.184      1.34        37     0.696      0.246      0.317      0.276
  55/100     337/337    0.0933     0.123      0.93      0.18      1.33        45     0.698      0.244      0.318      0.274
  56/100     337/337    0.0924     0.122     0.918     0.181      1.31        74     0.716      0.244      0.313      0.275
  57/100     337/337    0.0926     0.123     0.933     0.179      1.33        53     0.706      0.242      0.313      0.271
  58/100     337/337    0.0924     0.123     0.923      0.18      1.32        57     0.699      0.244      0.317      0.272
  59/100     337/337    0.0924     0.122     0.917     0.179      1.31        45      0.69      0.246      0.322      0.275
  60/100     337/337    0.0923     0.122     0.916     0.176      1.31        33     0.691      0.242      0.309      0.271
  61/100     337/337    0.0916     0.122     0.922     0.177      1.31        53     0.701      0.246      0.318      0.275
  62/100     337/337    0.0915     0.122     0.915     0.175       1.3        42     0.681      0.246      0.314      0.276
  63/100     337/337    0.0917      0.12     0.913     0.174       1.3        58     0.687      0.244      0.315      0.274
  64/100     337/337    0.0915     0.122     0.915     0.177       1.3        49     0.701      0.244      0.315      0.273
  65/100     337/337    0.0909      0.12     0.906     0.174      1.29        30     0.692      0.244      0.316      0.273
  66/100     337/337    0.0907     0.121     0.905     0.174      1.29        50     0.698      0.248      0.313      0.279
  67/100     337/337     0.091     0.121     0.912     0.174       1.3        39     0.699      0.245      0.325      0.274
  68/100     337/337    0.0914      0.12     0.907     0.172      1.29        54     0.707      0.247       0.32      0.275
  69/100     337/337    0.0906     0.121     0.905     0.173      1.29        50     0.697      0.246      0.321      0.275
  70/100     337/337    0.0903     0.121     0.899     0.172      1.28        49     0.706      0.246      0.318      0.275
  71/100     337/337    0.0903     0.119      0.89     0.169      1.27        28     0.724      0.248      0.318      0.277
  72/100     337/337    0.0907      0.12     0.892      0.17      1.27        31     0.692      0.245      0.313      0.275
  73/100     337/337    0.0909      0.12     0.889     0.173      1.27        45     0.709      0.246      0.312      0.277
  74/100     337/337    0.0903     0.119     0.896     0.172      1.28        59     0.692      0.245       0.32      0.275
  75/100     337/337    0.0903      0.12     0.893      0.17      1.27        57      0.69      0.245      0.319      0.275
  76/100     337/337    0.0899     0.118     0.885     0.168      1.26        46     0.719      0.247      0.318      0.277
  77/100     337/337      0.09     0.119     0.893     0.169      1.27        49     0.706      0.247      0.324      0.276
  78/100     337/337    0.0905     0.119     0.892     0.167      1.27        39     0.698      0.245      0.321      0.273
  79/100     337/337    0.0894     0.118     0.886     0.164      1.26        66     0.689      0.253      0.323      0.282
  80/100     337/337    0.0895     0.119     0.882     0.167      1.26        46     0.698      0.247       0.32      0.277
  81/100     337/337    0.0887     0.118      0.88     0.167      1.25        55      0.69      0.248      0.316      0.278
  82/100     337/337    0.0896     0.119      0.88     0.166      1.25        38     0.689      0.249      0.319      0.279
  83/100     337/337    0.0897     0.118     0.882     0.166      1.26        47     0.711      0.248      0.313      0.278
  84/100     337/337    0.0888     0.118     0.873     0.164      1.24        22     0.697      0.251      0.325       0.28
  85/100     337/337    0.0888     0.117     0.874     0.163      1.24        40     0.696      0.247       0.32      0.276
  86/100     337/337     0.089     0.118     0.875     0.163      1.24        36     0.695      0.248      0.324      0.276
  87/100     337/337    0.0896     0.117     0.881     0.162      1.25        34     0.704      0.247      0.317      0.275
  88/100     337/337    0.0889     0.118     0.871     0.162      1.24        30      0.69      0.249      0.312      0.279
  89/100     337/337    0.0888     0.118     0.874     0.161      1.24        26     0.686       0.25      0.312       0.28
  90/100     337/337    0.0891     0.117     0.871     0.162      1.24        45     0.697       0.25      0.323      0.279
  91/100     337/337    0.0885     0.117     0.866     0.161      1.23        10     0.695      0.249       0.32       0.28
  92/100     337/337    0.0889     0.117     0.867      0.16      1.23        59     0.698      0.248      0.324      0.276
  93/100     337/337    0.0886     0.117     0.861     0.161      1.23        30     0.694      0.251      0.313      0.282
  94/100     337/337    0.0885     0.116     0.856     0.161      1.22        28     0.702      0.251      0.322      0.283
  95/100     337/337    0.0887     0.118     0.871      0.16      1.24        26     0.714      0.246      0.323      0.275
  96/100     337/337    0.0889     0.117     0.866      0.16      1.23        59     0.701       0.25      0.324       0.28
  97/100     337/337    0.0883     0.117     0.867     0.158      1.23        38     0.723      0.248      0.317      0.278
  98/100     337/337    0.0887     0.116     0.862      0.16      1.23        39      0.69      0.252      0.325      0.283
  99/100     337/337    0.0882     0.116     0.858     0.158      1.22        49     0.701      0.252      0.323      0.281
