    1/99     110/110     0.243     0.557       7.4         1       9.2       144      11.7          0          0          0
    2/99     110/110     0.224     0.418      2.29     0.581      3.51       125      1.23    0.00144     0.0109    0.00155
    3/99     110/110     0.218     0.384      2.17     0.492      3.27       123      1.23    0.00865     0.0475    0.00976
    4/99     110/110     0.213     0.359      2.09      0.45      3.11       106      1.21     0.0125     0.0537     0.0155
    5/99     110/110     0.206     0.343      2.01     0.431      2.99        97      1.22     0.0289     0.0809     0.0362
    6/99     110/110     0.201     0.328      1.93     0.403      2.86        88       1.2     0.0324      0.119     0.0371
    7/99     110/110     0.199     0.321      1.87      0.39      2.78        80      1.21     0.0455      0.114     0.0548
    8/99     110/110     0.195       0.3      1.81     0.374      2.68       122      1.19     0.0416      0.103      0.053
    9/99     110/110     0.191     0.289      1.76     0.361       2.6        83       1.2     0.0511      0.122     0.0633
   10/99     110/110     0.186     0.285      1.71     0.346      2.53       115       1.2     0.0634     0.0982     0.0876
   11/99     110/110     0.182     0.273      1.68     0.337      2.47       133      1.24      0.064      0.087     0.0957
   12/99     110/110     0.176     0.263      1.64     0.325       2.4       119      1.21     0.0731      0.145     0.0894
   13/99     110/110     0.174      0.26       1.6     0.318      2.35       101      1.25     0.0874       0.12      0.122
   14/99     110/110     0.169     0.251      1.58     0.307      2.31       105      1.19     0.0919      0.151      0.112
   15/99     110/110      0.17     0.244      1.56     0.299      2.27       114       1.2     0.0745      0.147     0.0935
   16/99     110/110     0.166     0.238      1.54     0.293      2.23        82      1.24      0.102      0.179      0.123
   17/99     110/110     0.164     0.236      1.51     0.289       2.2       102      1.21      0.101      0.146      0.132
   18/99     110/110     0.161      0.23      1.49      0.28      2.16        98      1.22      0.104      0.147      0.134
   19/99     110/110     0.158     0.226      1.48     0.273      2.14       124       1.2     0.0958      0.178      0.116
   20/99     110/110     0.156     0.221      1.46     0.272      2.11       117       1.2      0.122      0.158      0.161
   21/99     110/110     0.156     0.217      1.43     0.268      2.07       129      1.23      0.115      0.207      0.138
   22/99     110/110     0.153     0.213      1.41     0.258      2.03       132      1.23       0.12      0.173      0.154
   23/99     110/110      0.15     0.211       1.4     0.255      2.01       125      1.19      0.107      0.202      0.127
   24/99     110/110     0.149      0.21       1.4     0.256      2.01       131      1.23      0.133      0.204      0.159
   25/99     110/110     0.149     0.204      1.38     0.249      1.98       105      1.22      0.131      0.173      0.164
   26/99     110/110     0.146     0.204      1.36     0.243      1.95       118       1.2      0.135       0.18      0.174
   27/99     110/110     0.146       0.2      1.34     0.237      1.93        87      1.23      0.134      0.231      0.158
   28/99     110/110     0.143     0.198      1.33     0.239      1.92       114       1.2      0.139      0.189      0.173
   29/99     110/110     0.141     0.199      1.32     0.236       1.9        93      1.19      0.149       0.22      0.182
   30/99     110/110     0.139     0.194       1.3      0.23      1.86       124       1.2       0.14      0.201      0.171
   31/99     110/110      0.14     0.193       1.3     0.228      1.86       101      1.22       0.15      0.223      0.181
   32/99     110/110     0.138     0.192      1.28     0.228      1.84       115      1.24      0.158      0.248      0.182
   33/99     110/110     0.136     0.187      1.28     0.224      1.83        97      1.22      0.146      0.245      0.171
   34/99     110/110     0.136     0.187      1.26     0.223      1.81        75      1.21      0.145       0.23      0.173
   35/99     110/110     0.134     0.185      1.25      0.22      1.78       107      1.21      0.148      0.248      0.173
   36/99     110/110     0.133     0.185      1.24     0.213      1.77       130      1.19      0.154       0.22      0.188
   37/99     110/110     0.132     0.181      1.23     0.214      1.76       111      1.22      0.159      0.258      0.186
   38/99     110/110     0.132     0.179      1.22     0.209      1.74        77      1.21      0.159      0.245      0.184
   39/99     110/110     0.131     0.179      1.21      0.21      1.73       159      1.21      0.169      0.219      0.209
   40/99     110/110      0.13     0.181      1.21     0.204      1.73        99      1.24      0.167      0.262      0.199
   41/99     110/110     0.129     0.179      1.21     0.202      1.71        85      1.25      0.141      0.198      0.182
   42/99     110/110     0.127     0.174      1.18     0.201      1.69       116       1.2      0.176       0.23      0.212
   43/99     110/110     0.128     0.175      1.16     0.198      1.67       116      1.24       0.17      0.259      0.202
   44/99     110/110     0.125      0.17      1.17     0.201      1.66        76      1.21      0.172      0.261      0.201
   45/99     110/110     0.125     0.169      1.16     0.195      1.65       133       1.2      0.185      0.253      0.223
   46/99     110/110     0.126     0.169      1.16     0.195      1.65       118       1.2      0.171       0.27      0.192
   47/99     110/110     0.123     0.167      1.13     0.187      1.61       136      1.24      0.182      0.254      0.218
   48/99     110/110     0.123     0.169      1.16     0.191      1.64       122       1.2      0.181      0.255      0.212
   49/99     110/110     0.123     0.167      1.13     0.185       1.6        90      1.23      0.175      0.248      0.209
   50/99     110/110     0.123     0.166      1.12     0.184      1.59        77       1.2      0.188      0.254      0.222
   51/99     110/110     0.119     0.153      1.07     0.178      1.52        91      1.21      0.195      0.283      0.227
   52/99     110/110     0.116     0.149      1.06     0.168      1.49       119      1.21      0.194      0.287      0.226
   53/99     110/110     0.117      0.15      1.04     0.168      1.48       139      1.21      0.193      0.286      0.225
   54/99     110/110     0.116     0.148      1.05     0.169      1.48       125       1.2       0.19      0.275      0.225
   55/99     110/110     0.115     0.149      1.03     0.168      1.46       118      1.18      0.196      0.276      0.231
   56/99     110/110     0.116     0.147      1.03     0.167      1.46        87       1.2      0.191      0.283      0.226
   57/99     110/110     0.115     0.146      1.02     0.161      1.45       124      1.21      0.196      0.279       0.23
   58/99     110/110     0.114     0.146      1.01     0.164      1.43       101       1.2      0.195      0.284      0.228
   59/99     110/110     0.115     0.147      1.02     0.167      1.45        80      1.19      0.196      0.277      0.231
   60/99     110/110     0.114     0.145      1.01     0.162      1.43        97      1.23      0.197      0.287       0.23
   61/99     110/110     0.113     0.145      1.02      0.16      1.43       119      1.22      0.193      0.278      0.229
   62/99     110/110     0.113     0.147      1.01     0.161      1.43       129      1.18      0.192      0.282      0.226
   63/99     110/110     0.114     0.146         1     0.162      1.42       102      1.19      0.194       0.28      0.228
   64/99     110/110     0.113     0.144      1.01     0.162      1.43        97      1.23      0.198      0.288      0.232
   65/99     110/110     0.113     0.145      1.01     0.163      1.43        89      1.21      0.195       0.28      0.232
   66/99     110/110     0.113     0.144     0.991      0.16      1.41       107      1.23      0.195      0.284      0.229
   67/99     110/110     0.113     0.145      1.01     0.161      1.42        97      1.26      0.195       0.28      0.231
   68/99     110/110     0.114     0.143      1.01     0.159      1.42       123       1.2      0.195      0.289      0.229
   69/99     110/110     0.112     0.141     0.983     0.157      1.39       120      1.22      0.198      0.289      0.231
   70/99     110/110     0.114     0.144      1.01      0.16      1.42       113       1.2      0.195      0.279      0.229
   71/99     110/110     0.113     0.143     0.996     0.156      1.41       124      1.21        0.2      0.283      0.236
   72/99     110/110     0.113     0.143     0.993     0.159      1.41        94      1.24      0.198      0.277      0.233
   73/99     110/110     0.113     0.143     0.986     0.155       1.4        96      1.21      0.201      0.291      0.233
   74/99     110/110     0.112     0.143     0.987     0.159       1.4       124      1.19      0.197      0.284       0.23
   75/99     110/110     0.112     0.143      0.99     0.155       1.4        82      1.22      0.203      0.288      0.238
   76/99     110/110     0.112     0.141     0.987     0.154      1.39        89      1.22      0.199      0.285      0.231
   77/99     110/110     0.113     0.143     0.988     0.157       1.4       128      1.19      0.197      0.285      0.232
   78/99     110/110     0.112     0.141     0.988     0.151      1.39       115      1.17      0.198      0.283      0.231
   79/99     110/110     0.111     0.141     0.974     0.155      1.38        84      1.21      0.199      0.284      0.231
   80/99     110/110     0.111     0.141     0.981     0.152      1.39        95       1.2      0.197      0.274      0.233
   81/99     110/110     0.111     0.141     0.983     0.154      1.39        98      1.19        0.2      0.282      0.233
   82/99     110/110     0.111     0.141     0.971     0.153      1.38        92      1.21      0.199      0.287      0.231
   83/99     110/110     0.111     0.141     0.981     0.152      1.38       120      1.19      0.194      0.283      0.225
   84/99     110/110     0.112      0.14     0.968     0.152      1.37       100       1.2      0.199      0.285      0.231
   85/99     110/110     0.111     0.141     0.969     0.147      1.37        78      1.23      0.195       0.28      0.228
   86/99     110/110      0.11     0.141     0.969     0.153      1.37       113      1.25      0.201      0.284      0.235
   87/99     110/110     0.112     0.141     0.974      0.15      1.38       121      1.23      0.196      0.282      0.227
   88/99     110/110      0.11      0.14      0.96     0.151      1.36        95      1.22      0.196      0.277      0.229
   89/99     110/110     0.111      0.14     0.967     0.148      1.36       131      1.21      0.201      0.293      0.236
   90/99     110/110     0.111      0.14     0.968     0.148      1.37        97      1.21        0.2      0.292       0.23
   91/99     110/110      0.11     0.141     0.958     0.149      1.36       110      1.21        0.2      0.283      0.233
   92/99     110/110     0.111     0.141     0.962     0.149      1.36       133      1.19      0.199      0.291      0.232
   93/99     110/110      0.11     0.138     0.955      0.15      1.35        77      1.19      0.199      0.278      0.233
   94/99     110/110     0.112     0.138     0.954      0.15      1.35       139       1.2      0.201      0.292      0.231
   95/99     110/110      0.11     0.137     0.951     0.148      1.35       111       1.2      0.197      0.282      0.229
   96/99     110/110      0.11     0.138     0.953      0.15      1.35       110      1.28      0.196      0.288      0.227
   97/99     110/110      0.11     0.138     0.962     0.148      1.36       124      1.22      0.202      0.278      0.236
   98/99     110/110      0.11     0.138      0.96     0.146      1.35        99      1.22      0.196      0.279      0.227
   99/99     110/110     0.109     0.138      0.96     0.147      1.35       124      1.21      0.197      0.282       0.23
