   1/100     337/337     0.233     0.474      4.19     0.817      5.71        40      9.08     0.0181     0.0619     0.0237
   2/100     337/337     0.211     0.353       2.2     0.544      3.31        32     0.715     0.0471     0.0983     0.0634
   3/100     337/337     0.196     0.308         2     0.475      2.98        57     0.707     0.0688      0.104     0.0893
   4/100     337/337     0.185     0.285      1.88     0.436      2.79        42     0.719     0.0656      0.131     0.0793
   5/100     337/337     0.177     0.265      1.79     0.408      2.64        28     0.707       0.08      0.133     0.0996
   6/100     337/337      0.17     0.257      1.74     0.395      2.57        51     0.722      0.089      0.152      0.108
   7/100     337/337     0.163     0.242      1.67     0.377      2.45        54     0.721      0.102      0.138      0.128
   8/100     337/337     0.157     0.232      1.63     0.364      2.38        54     0.706        0.1       0.14      0.126
   9/100     337/337     0.153     0.224      1.58     0.353      2.31        62     0.719      0.115      0.129      0.152
  10/100     337/337     0.149     0.217      1.53     0.342      2.24        30     0.692      0.119       0.15      0.147
  11/100     337/337     0.146     0.211       1.5     0.331      2.19        22     0.698      0.125      0.194      0.149
  12/100     337/337     0.142     0.206      1.48     0.325      2.15        37      0.71      0.135      0.178      0.165
  13/100     337/337      0.14     0.201      1.44     0.319       2.1        62     0.713      0.128      0.179      0.154
  14/100     337/337     0.136     0.198      1.42     0.318      2.07        41       0.7      0.146      0.208      0.173
  15/100     337/337     0.134     0.192      1.39     0.306      2.03        55     0.716      0.148      0.201      0.173
  16/100     337/337     0.133     0.191      1.37     0.302         2        39      0.71       0.14      0.201      0.166
  17/100     337/337      0.13     0.186      1.36     0.296      1.97        51     0.738      0.153      0.234      0.176
  18/100     337/337     0.128     0.182      1.34     0.293      1.94        58     0.712      0.157      0.239      0.178
  19/100     337/337     0.126      0.18      1.31     0.288      1.91        39     0.718       0.16      0.229      0.184
  20/100     337/337     0.125     0.178      1.29     0.282      1.88        40     0.721      0.166      0.222      0.195
  21/100     337/337     0.123     0.175      1.29     0.282      1.87        29     0.723      0.163      0.202      0.199
  22/100     337/337     0.123     0.174      1.27     0.275      1.84        38     0.706       0.17      0.238      0.197
  23/100     337/337     0.121     0.172      1.25     0.269      1.82        48     0.718      0.175      0.239      0.204
  24/100     337/337     0.119     0.169      1.24     0.268       1.8        62     0.718       0.18      0.255      0.207
  25/100     337/337     0.119     0.167      1.23     0.265      1.78        53     0.715      0.166      0.224      0.196
  26/100     337/337     0.117     0.165      1.21      0.26      1.75        56     0.719      0.168      0.245      0.195
  27/100     337/337     0.115     0.162       1.2     0.254      1.73        45     0.703      0.178      0.243      0.211
  28/100     337/337     0.114     0.161      1.19     0.253      1.72        44     0.701      0.194      0.278      0.223
  29/100     337/337     0.113     0.159      1.18     0.251      1.71        44     0.716      0.185      0.253      0.213
  30/100     337/337     0.113     0.159      1.18     0.249       1.7        43     0.732      0.197      0.228      0.234
  31/100     337/337     0.111     0.157      1.16     0.245      1.67        28      0.71      0.185      0.275      0.208
  32/100     337/337     0.111     0.155      1.15     0.244      1.66        50     0.715      0.202      0.263       0.23
  33/100     337/337     0.109     0.154      1.14     0.243      1.64        42     0.714      0.204      0.301      0.229
  34/100     337/337     0.108     0.153      1.13     0.239      1.63        48     0.718      0.201       0.31      0.224
  35/100     337/337     0.107      0.15      1.12     0.235      1.61        52     0.712      0.194      0.242      0.231
  36/100     337/337     0.107     0.148      1.12     0.235      1.61        26     0.713      0.205      0.261      0.237
  37/100     337/337     0.106     0.149       1.1     0.232      1.59        56     0.703      0.205      0.265      0.237
  38/100     337/337     0.106     0.148      1.11     0.231      1.59        52     0.731       0.21       0.26      0.243
  39/100     337/337     0.105     0.148      1.09     0.229      1.58        48     0.711      0.203      0.278       0.23
  40/100     337/337     0.105     0.145      1.09     0.228      1.57        36     0.719       0.21      0.318      0.233
  41/100     337/337     0.104     0.144      1.07     0.225      1.54        34     0.708      0.217       0.28      0.246
  42/100     337/337     0.103     0.144      1.08     0.221      1.55        32     0.732      0.218      0.315      0.243
  43/100     337/337     0.102     0.144      1.06      0.22      1.53        31     0.714      0.217      0.289      0.248
  44/100     337/337     0.102     0.141      1.05     0.216      1.51        37     0.723      0.223      0.284      0.254
  45/100     337/337     0.101      0.14      1.05     0.215       1.5        32     0.724       0.22      0.287       0.25
  46/100     337/337     0.101     0.139      1.05     0.214       1.5        39     0.713      0.227      0.318      0.253
  47/100     337/337       0.1     0.138      1.04      0.21      1.49        46     0.713       0.22      0.298      0.246
  48/100     337/337    0.0992     0.137      1.03     0.207      1.47        29     0.714       0.22      0.297      0.247
  49/100     337/337    0.0988     0.137      1.03     0.207      1.47        34     0.711      0.219      0.275      0.254
  50/100     337/337    0.0975     0.137      1.02     0.205      1.46        51     0.715      0.229      0.285      0.262
  51/100     337/337    0.0954     0.129     0.964     0.193      1.38        53     0.726      0.247      0.323      0.276
  52/100     337/337    0.0937     0.125     0.952     0.188      1.36        50     0.725      0.244      0.317      0.273
  53/100     337/337    0.0934     0.125     0.949     0.186      1.35        70     0.731      0.244       0.32      0.274
  54/100     337/337    0.0926     0.124     0.937     0.185      1.34        37     0.712      0.246      0.319      0.276
  55/100     337/337    0.0929     0.124     0.926     0.182      1.32        45     0.729      0.247       0.32      0.277
  56/100     337/337    0.0923     0.122      0.92     0.182      1.32        74     0.716      0.246      0.312      0.276
  57/100     337/337    0.0925     0.123      0.93     0.181      1.33        53     0.759      0.245       0.31      0.276
  58/100     337/337    0.0918     0.122     0.922     0.183      1.32        57     0.709      0.249      0.325      0.278
  59/100     337/337     0.092     0.122      0.92     0.181      1.32        45     0.727      0.244      0.314      0.273
  60/100     337/337    0.0924     0.122     0.918     0.178      1.31        33     0.719      0.246      0.323      0.275
  61/100     337/337    0.0916     0.122      0.92      0.18      1.31        53     0.712      0.249      0.326      0.277
  62/100     337/337    0.0914     0.121     0.913     0.177       1.3        42     0.726      0.248      0.317      0.278
  63/100     337/337    0.0916     0.121     0.912     0.176       1.3        58     0.718      0.248      0.318      0.277
  64/100     337/337    0.0913     0.121     0.916     0.177      1.31        49     0.716      0.248      0.322      0.277
  65/100     337/337    0.0907      0.12     0.903     0.174      1.29        30     0.719      0.245      0.318      0.274
  66/100     337/337    0.0907     0.121     0.905     0.175      1.29        50     0.711       0.25      0.322      0.278
  67/100     337/337    0.0908     0.121      0.91     0.175       1.3        39     0.714      0.249       0.33      0.278
  68/100     337/337    0.0909     0.121     0.908     0.173      1.29        54     0.714       0.25      0.323      0.279
  69/100     337/337    0.0903      0.12       0.9     0.174      1.29        50     0.718      0.247      0.321      0.276
  70/100     337/337    0.0898      0.12     0.896     0.173      1.28        49     0.721       0.25       0.32      0.279
  71/100     337/337    0.0902     0.119     0.892      0.17      1.27        28     0.705      0.249      0.322      0.278
  72/100     337/337    0.0908      0.12      0.89     0.171      1.27        31      0.71      0.251      0.321       0.28
  73/100     337/337    0.0905      0.12     0.891     0.173      1.27        45      0.72      0.252       0.32      0.282
  74/100     337/337    0.0904     0.119     0.896     0.171      1.28        59      0.72      0.249      0.322      0.277
  75/100     337/337    0.0903      0.12     0.893     0.171      1.27        57     0.701      0.252      0.327       0.28
  76/100     337/337      0.09     0.119     0.885     0.171      1.26        46     0.723      0.251      0.324       0.28
  77/100     337/337    0.0899     0.119      0.89     0.169      1.27        49     0.729       0.25      0.325      0.279
  78/100     337/337    0.0902     0.119     0.891     0.169      1.27        39     0.719      0.251      0.326       0.28
  79/100     337/337    0.0897     0.119     0.882     0.166      1.26        66     0.719      0.252      0.326       0.28
  80/100     337/337    0.0894     0.119     0.883     0.167      1.26        46     0.719      0.249      0.317       0.28
  81/100     337/337    0.0886     0.118     0.884     0.168      1.26        55     0.722      0.248      0.321      0.278
  82/100     337/337    0.0897     0.119     0.877     0.167      1.25        38     0.727       0.25      0.319       0.28
  83/100     337/337    0.0895     0.118     0.886     0.166      1.26        47     0.718      0.245       0.31      0.276
  84/100     337/337    0.0888     0.118     0.876     0.163      1.25        22     0.721      0.251      0.322       0.28
  85/100     337/337    0.0888     0.117      0.87     0.164      1.24        40     0.724      0.251      0.328       0.28
  86/100     337/337    0.0893     0.117     0.871     0.163      1.24        36     0.703      0.247      0.323      0.278
  87/100     337/337    0.0895     0.117     0.881     0.163      1.25        34     0.725      0.252      0.322      0.283
  88/100     337/337    0.0884     0.118     0.871     0.163      1.24        30     0.713      0.254      0.323      0.284
  89/100     337/337    0.0888     0.118     0.873     0.164      1.24        26      0.72      0.252       0.32      0.282
  90/100     337/337    0.0893     0.117      0.87     0.162      1.24        45     0.718      0.253       0.33      0.282
  91/100     337/337    0.0887     0.117     0.865     0.162      1.23        10     0.713      0.254       0.32      0.283
  92/100     337/337    0.0884     0.117     0.867     0.161      1.23        59     0.706      0.252      0.333      0.279
  93/100     337/337    0.0885     0.117     0.863     0.162      1.23        30     0.723      0.252      0.313      0.284
  94/100     337/337    0.0884     0.116     0.857     0.162      1.22        28     0.749      0.254      0.321      0.283
  95/100     337/337    0.0886     0.117     0.865      0.16      1.23        26     0.721       0.25      0.334      0.278
  96/100     337/337    0.0887     0.116     0.867     0.162      1.23        59     0.739      0.254      0.331      0.282
  97/100     337/337    0.0881     0.116     0.867      0.16      1.23        38      0.71      0.253      0.322      0.284
  98/100     337/337    0.0884     0.116     0.862     0.161      1.23        39     0.713      0.252      0.327      0.281
  99/100     337/337    0.0882     0.116     0.858     0.159      1.22        49     0.708      0.255      0.327      0.284
