    1/99     126/126     0.245     0.544      7.04      1.12      8.95        53       8.8      0.018     0.0744     0.0219
    2/99     126/126     0.222     0.395      2.49     0.744      3.85        32      1.31     0.0347     0.0941     0.0442
    3/99     126/126      0.21     0.355      2.31     0.646      3.52        63     0.687     0.0448     0.0672     0.0683
    4/99     126/126     0.201     0.328      2.19     0.599      3.31        35      0.68     0.0553      0.105     0.0719
    5/99     126/126     0.195     0.303      2.08     0.561      3.14        36     0.702     0.0696     0.0935      0.092
    6/99     126/126     0.188     0.287      1.98     0.534      2.99        14     0.691     0.0753      0.145     0.0896
    7/99     126/126     0.183     0.275      1.94     0.514      2.91        28     0.683     0.0874       0.12      0.111
    8/99     126/126      0.18     0.267      1.88     0.493      2.82        44     0.673     0.0916      0.121      0.114
    9/99     126/126     0.173     0.257      1.82     0.478      2.73        29     0.667     0.0925      0.135      0.109
   10/99     126/126     0.168     0.247      1.77     0.461      2.64        23     0.674     0.0847      0.175     0.0948
   11/99     126/126     0.168     0.245      1.74     0.454      2.61        14     0.673     0.0974      0.204      0.108
   12/99     126/126     0.162     0.237       1.7     0.441      2.54        26     0.688      0.107      0.148       0.13
   13/99     126/126     0.161     0.235      1.68     0.433      2.51        32     0.684      0.102      0.181      0.117
   14/99     126/126     0.156     0.223      1.65     0.428      2.45        30     0.677      0.111      0.148      0.134
   15/99     126/126     0.155     0.224      1.63      0.42      2.43        13      0.69      0.104      0.148      0.129
   16/99     126/126     0.152     0.218      1.61     0.408      2.38        14      0.68      0.112      0.181      0.129
   17/99     126/126     0.151     0.216      1.59     0.405      2.36        24     0.699      0.126       0.14      0.156
   18/99     126/126     0.148     0.211      1.57     0.396      2.32        18      0.67      0.119      0.153      0.144
   19/99     126/126     0.146     0.212      1.56     0.392      2.31        25     0.682      0.126       0.21      0.143
   20/99     126/126     0.143     0.203      1.51      0.38      2.24        39      0.69      0.131      0.187       0.15
   21/99     126/126     0.143     0.201      1.51     0.379      2.23        46     0.674      0.134      0.151      0.166
   22/99     126/126      0.14     0.201      1.48     0.376      2.19        33     0.674      0.139       0.17      0.167
   23/99     126/126     0.138     0.197      1.47      0.37      2.17        38     0.687      0.145      0.195      0.169
   24/99     126/126     0.137     0.193      1.43     0.361      2.12        14      0.68      0.136       0.23      0.153
   25/99     126/126     0.136     0.192      1.42     0.358      2.11        26     0.678      0.132      0.201      0.155
   26/99     126/126     0.133     0.188       1.4     0.358      2.08        24      0.68      0.148      0.214      0.169
   27/99     126/126     0.132     0.189      1.41     0.345      2.07        34     0.676      0.147      0.204      0.173
   28/99     126/126     0.131     0.186      1.37     0.341      2.02        10     0.673      0.148      0.227      0.167
   29/99     126/126      0.13     0.183      1.37     0.344      2.03        34     0.691      0.147      0.216      0.169
   30/99     126/126     0.129     0.179      1.35     0.342         2        45     0.701      0.157      0.224      0.179
   31/99     126/126     0.129     0.178      1.35     0.333      1.99        30      0.68      0.157      0.213      0.178
   32/99     126/126     0.126     0.177      1.33     0.332      1.97        30     0.663      0.167      0.218      0.192
   33/99     126/126     0.126     0.176      1.33     0.329      1.96        20     0.672      0.169      0.236      0.193
   34/99     126/126     0.124     0.175       1.3     0.321      1.92        20     0.661      0.164      0.232      0.187
   35/99     126/126     0.123     0.173       1.3     0.319      1.91        29     0.701      0.173      0.235      0.198
   36/99     126/126     0.124     0.174      1.29     0.318       1.9        26     0.674      0.165       0.23      0.188
   37/99     126/126     0.122     0.169      1.26     0.315      1.87        22      0.68      0.167      0.224      0.191
   38/99     126/126     0.121     0.171      1.28     0.316      1.89        11     0.663      0.173       0.22      0.199
   39/99     126/126     0.121     0.168      1.25     0.312      1.85        13     0.689      0.173      0.232      0.196
   40/99     126/126     0.119     0.164      1.26      0.31      1.85        23     0.686       0.17      0.247      0.192
   41/99     126/126     0.119     0.163      1.23     0.303      1.82        34     0.685      0.173      0.235      0.199
   42/99     126/126     0.117     0.164      1.23     0.301      1.82        46     0.693      0.172      0.223        0.2
   43/99     126/126     0.119     0.165      1.25     0.305      1.83        37     0.666      0.175      0.219      0.202
   44/99     126/126     0.116     0.162      1.22     0.307       1.8        20     0.681      0.163      0.244      0.184
   45/99     126/126     0.119     0.165      1.25     0.321      1.85        27     0.686      0.176       0.21      0.207
   46/99     126/126     0.115     0.159      1.21     0.294      1.78        30      0.67      0.179      0.258      0.203
   47/99     126/126     0.115     0.159       1.2     0.293      1.77        31     0.674      0.178      0.254        0.2
   48/99     126/126     0.115     0.157      1.18     0.288      1.74        32     0.691      0.187      0.237      0.215
   49/99     126/126     0.113     0.155      1.17     0.286      1.72        25     0.682      0.173      0.273      0.193
   50/99     126/126     0.113     0.157      1.18     0.284      1.73        24     0.683      0.196      0.232      0.229
   51/99     126/126      0.11     0.146      1.11     0.269      1.63        21      0.69      0.198      0.259      0.225
   52/99     126/126     0.109     0.142       1.1     0.267      1.61        37     0.687        0.2      0.266      0.229
   53/99     126/126     0.108     0.144      1.08     0.268       1.6        24     0.664      0.198      0.264      0.225
   54/99     126/126     0.109     0.145      1.08     0.269       1.6        30     0.688      0.199      0.266      0.226
   55/99     126/126     0.108     0.143      1.09     0.269      1.61        29     0.681      0.199      0.263      0.226
   56/99     126/126     0.107     0.143      1.08     0.262      1.59        28     0.669      0.199      0.262      0.226
   57/99     126/126     0.108     0.142      1.07     0.263      1.59        21     0.691      0.202      0.266      0.229
   58/99     126/126     0.107     0.143      1.07     0.262      1.58        40     0.698      0.199      0.264      0.227
   59/99     126/126     0.107     0.141      1.06     0.261      1.56        21     0.671        0.2      0.264      0.227
   60/99     126/126     0.107      0.14      1.06     0.258      1.57        25     0.678      0.202      0.267      0.231
   61/99     126/126     0.106     0.143      1.07     0.257      1.57        30     0.706      0.199      0.261      0.228
   62/99     126/126     0.107     0.141      1.06     0.257      1.56        29      0.69        0.2      0.259      0.229
   63/99     126/126     0.106      0.14      1.06     0.256      1.57        36      0.67      0.199      0.256      0.228
   64/99     126/126     0.106     0.141      1.06     0.258      1.57        24     0.684        0.2      0.271      0.226
   65/99     126/126     0.106     0.141      1.05     0.256      1.55        26     0.689        0.2      0.269      0.226
   66/99     126/126     0.107     0.139      1.05     0.257      1.55        22     0.689      0.202      0.267       0.23
   67/99     126/126     0.105     0.139      1.05     0.255      1.55        37     0.666        0.2      0.262      0.228
   68/99     126/126     0.106     0.139      1.06     0.254      1.56        37     0.676      0.202      0.259      0.231
   69/99     126/126     0.106      0.14      1.05     0.252      1.54        39     0.692        0.2      0.262      0.229
   70/99     126/126     0.105     0.138      1.04     0.254      1.54        24      0.67      0.201       0.26      0.231
   71/99     126/126     0.105     0.138      1.04     0.254      1.54        24     0.691        0.2      0.266      0.228
   72/99     126/126     0.105     0.139      1.04     0.252      1.54        17     0.665      0.201      0.263       0.23
   73/99     126/126     0.104     0.139      1.04     0.252      1.53        14     0.686        0.2      0.262       0.23
   74/99     126/126     0.104     0.136      1.04     0.251      1.53        24     0.675        0.2      0.257      0.228
   75/99     126/126     0.105     0.137      1.03     0.248      1.52        40     0.674        0.2      0.265      0.227
   76/99     126/126     0.105     0.139      1.04     0.252      1.54        26     0.663      0.207      0.261      0.237
   77/99     126/126     0.105     0.139      1.04     0.251      1.53        28     0.685      0.201      0.267      0.228
   78/99     126/126     0.104     0.137      1.03     0.245      1.52        26     0.689      0.202      0.269      0.231
   79/99     126/126     0.104     0.137      1.03     0.248      1.52        34     0.684      0.201       0.26      0.228
   80/99     126/126     0.105     0.138      1.04     0.254      1.54        30     0.687      0.201      0.259      0.229
   81/99     126/126     0.105     0.138      1.03     0.244      1.51        41     0.673      0.202      0.272       0.23
   82/99     126/126     0.104     0.137      1.02     0.247       1.5        32     0.693      0.204      0.271       0.23
   83/99     126/126     0.104     0.137      1.02     0.248      1.51        32     0.659      0.204      0.266      0.232
   84/99     126/126     0.106     0.139      1.03     0.247      1.52        50     0.697      0.202      0.271      0.229
   85/99     126/126     0.104     0.138      1.03      0.25      1.52        36     0.677      0.204      0.274      0.229
   86/99     126/126     0.104     0.137      1.01     0.246       1.5        41     0.682      0.204      0.262      0.232
   87/99     126/126     0.104     0.136      1.02     0.249      1.51        14     0.686      0.201       0.26      0.231
   88/99     126/126     0.104     0.136      1.02     0.244      1.51        35     0.677      0.204      0.268      0.232
   89/99     126/126     0.104     0.136      1.02     0.244       1.5        35     0.672      0.199      0.268      0.227
   90/99     126/126     0.103     0.134      1.01     0.242      1.49        46     0.678      0.203       0.27       0.23
   91/99     126/126     0.104     0.137      1.02     0.239       1.5        39     0.672      0.204      0.272      0.232
   92/99     126/126     0.102     0.135      1.01     0.242      1.49        17      0.67      0.203       0.26      0.231
   93/99     126/126     0.103     0.136         1     0.241      1.48        11     0.672      0.205      0.256      0.235
   94/99     126/126     0.103     0.137         1     0.245      1.49        31     0.646      0.199      0.263      0.226
   95/99     126/126     0.103     0.135     0.998     0.239      1.47        39     0.673      0.203      0.265      0.231
   96/99     126/126     0.103     0.135         1     0.241      1.48        26     0.671      0.197      0.271      0.222
   97/99     126/126     0.103     0.137      1.01     0.239      1.49        18     0.658      0.203      0.262      0.232
   98/99     126/126     0.103     0.135         1      0.24      1.48        35     0.688        0.2      0.261      0.227
   99/99     126/126     0.103     0.136     0.997      0.24      1.48        27     0.676      0.203      0.261      0.231
 101/200     126/126     0.103     0.134     0.994     0.238      1.47        53      9.54      0.205      0.259      0.235
 102/200     126/126     0.103     0.134     0.986     0.238      1.46        32      0.67      0.201      0.265      0.228
 103/200     126/126     0.103     0.136         1     0.234      1.47        63     0.683      0.201       0.27      0.228
 104/200     126/126     0.103     0.134     0.997     0.235      1.47        35     0.673      0.204      0.262      0.231
 105/200     126/126     0.103     0.134     0.987     0.234      1.46        36     0.693      0.203      0.259      0.231
 106/200     126/126     0.102     0.135     0.979     0.233      1.45        14     0.671      0.201      0.267      0.228
 107/200     126/126     0.102     0.134     0.998     0.236      1.47        28     0.661      0.203      0.261      0.231
 108/200     126/126     0.103     0.135     0.994     0.237      1.47        44     0.684      0.205      0.266      0.234
 109/200     126/126     0.103     0.133     0.976     0.234      1.45        29     0.666      0.203      0.265      0.231
 110/200     126/126     0.101     0.132     0.972     0.232      1.44        23     0.684      0.204      0.264      0.232
 111/200     126/126     0.102     0.134     0.986     0.233      1.46        14     0.672      0.202      0.266       0.23
 112/200     126/126     0.102     0.133     0.983     0.232      1.45        26     0.687      0.202      0.266      0.231
 113/200     126/126     0.103     0.134     0.977     0.228      1.44        32     0.678      0.205      0.264      0.233
 114/200     126/126     0.101     0.133     0.968     0.234      1.44        30     0.684      0.202       0.26      0.231
 115/200     126/126     0.102     0.132     0.975     0.231      1.44        13      0.67      0.204      0.261      0.232
 116/200     126/126     0.102     0.132     0.966     0.229      1.43        14     0.684      0.205      0.262      0.235
 117/200     126/126     0.102     0.132     0.972     0.227      1.43        24     0.669      0.213      0.268      0.241
 118/200     126/126     0.102     0.133     0.962     0.227      1.42        18     0.673      0.208      0.266      0.236
 119/200     126/126     0.101     0.132     0.968     0.224      1.42        25     0.683      0.204      0.275      0.231
 120/200     126/126     0.101      0.13     0.945     0.223       1.4        39     0.686      0.206      0.267      0.234
 121/200     126/126     0.101     0.131     0.948     0.225      1.41        46     0.686      0.204      0.264      0.232
 122/200     126/126     0.101     0.131     0.944     0.225       1.4        33     0.696      0.206      0.257      0.234
 123/200     126/126     0.101     0.131     0.947     0.225       1.4        38     0.687      0.202      0.271      0.229
 124/200     126/126     0.101     0.133     0.936     0.222      1.39        14     0.669      0.199      0.258      0.227
 125/200     126/126     0.101     0.131     0.929     0.221      1.38        26     0.667      0.204       0.27      0.232
 126/200     126/126       0.1     0.131     0.934     0.227      1.39        24     0.663        0.2      0.253      0.228
 127/200     126/126     0.101     0.132      0.95     0.221       1.4        34     0.693      0.201      0.262      0.228
 128/200     126/126    0.0997      0.13     0.918     0.217      1.36        10     0.688      0.205      0.267      0.232
 129/200     126/126     0.101      0.13     0.927      0.22      1.38        34     0.669      0.206      0.262      0.235
 130/200     126/126       0.1     0.129     0.913     0.219      1.36        45     0.695      0.203      0.267      0.229
 131/200     126/126    0.0996     0.129     0.921     0.217      1.37        30     0.664      0.202      0.263       0.23
 132/200     126/126    0.0998     0.129     0.909     0.217      1.35        30     0.687      0.203      0.263       0.23
 133/200     126/126     0.101     0.129     0.918     0.218      1.37        20     0.685      0.208       0.27      0.234
 134/200     126/126    0.0991     0.128     0.901     0.213      1.34        20     0.686      0.202      0.259      0.232
 135/200     126/126    0.0987     0.127     0.894     0.211      1.33        29     0.687      0.203      0.256      0.233
 136/200     126/126       0.1      0.13     0.894     0.213      1.34        26     0.692      0.198      0.257      0.225
 137/200     126/126       0.1     0.128     0.885     0.213      1.32        22     0.695      0.202       0.26      0.231
 138/200     126/126    0.0984     0.129     0.883     0.208      1.32        11     0.678      0.205      0.268      0.234
 139/200     126/126    0.0996     0.127     0.875     0.211      1.31        13     0.689      0.202      0.268      0.229
 140/200     126/126     0.099     0.125     0.879     0.211      1.31        23     0.674      0.207      0.265      0.234
 141/200     126/126    0.0988     0.126     0.862     0.208      1.29        34     0.679      0.203       0.26      0.231
 142/200     126/126    0.0982     0.127     0.862     0.208      1.29        46     0.678      0.203      0.268      0.229
 143/200     126/126    0.0983     0.127     0.868     0.208       1.3        37     0.658      0.203       0.25      0.231
 144/200     126/126    0.0986     0.127     0.861     0.206      1.29        20     0.679      0.204       0.26      0.231
 145/200     126/126    0.0993     0.127      0.87     0.207       1.3        27     0.668      0.205      0.252      0.235
 146/200     126/126    0.0981     0.125     0.844     0.204      1.27        30     0.674      0.205      0.273      0.232
 147/200     126/126    0.0983     0.127     0.842     0.202      1.27        31     0.675      0.207      0.251      0.238
 148/200     126/126    0.0995     0.125      0.83     0.202      1.26        32     0.684      0.206       0.27      0.233
 149/200     126/126    0.0975     0.125     0.821       0.2      1.24        25     0.687      0.204      0.258      0.233
 150/200     126/126     0.098     0.127     0.835     0.202      1.26        24     0.658      0.208      0.269      0.235
 151/200     126/126    0.0992     0.131     0.927      0.21      1.37        21     0.666       0.21      0.263      0.237
 152/200     126/126    0.0999     0.127     0.932      0.21      1.37        37     0.694      0.208      0.265      0.237
 153/200     126/126    0.0993      0.13     0.922     0.216      1.37        24      0.68      0.206      0.254      0.236
 154/200     126/126       0.1     0.131     0.922     0.215      1.37        30     0.692      0.203      0.269       0.23
 155/200     126/126    0.0993      0.13      0.93     0.215      1.37        29     0.671      0.208      0.266      0.235
 156/200     126/126    0.0988      0.13     0.931     0.211      1.37        28     0.669      0.204      0.261      0.233
 157/200     126/126    0.0994     0.129      0.92     0.212      1.36        21     0.685      0.207      0.267      0.235
 158/200     126/126    0.0985      0.13      0.92      0.21      1.36        40     0.686      0.206      0.269      0.233
 159/200     126/126    0.0989     0.128     0.909      0.21      1.35        21     0.675      0.207      0.267      0.235
 160/200     126/126    0.0994     0.128     0.918     0.208      1.35        25     0.683      0.204       0.27      0.231
 161/200     126/126    0.0985      0.13     0.921     0.206      1.36        30     0.684      0.209      0.263      0.238
 162/200     126/126    0.0989     0.129     0.911     0.207      1.35        29     0.663      0.204      0.259      0.233
 163/200     126/126    0.0981     0.128     0.915     0.205      1.35        36     0.664      0.209       0.26      0.237
 164/200     126/126    0.0979     0.128     0.915     0.208      1.35        24     0.677      0.205      0.271      0.231
 165/200     126/126    0.0977     0.129     0.909     0.206      1.34        26     0.677      0.213      0.272       0.24
 166/200     126/126    0.0987     0.127     0.904     0.205      1.33        22     0.666      0.207      0.265      0.235
 167/200     126/126     0.097     0.127     0.911     0.204      1.34        37     0.689      0.208      0.269      0.235
 168/200     126/126    0.0984     0.128     0.916     0.205      1.35        37     0.676      0.208      0.255      0.237
 169/200     126/126    0.0983     0.128     0.907     0.203      1.34        39     0.665      0.212      0.268       0.24
 170/200     126/126    0.0974     0.126     0.903     0.204      1.33        24     0.696      0.209      0.259       0.24
 171/200     126/126    0.0979     0.127       0.9     0.206      1.33        24     0.692      0.205      0.267      0.232
 172/200     126/126    0.0977     0.128     0.901     0.202      1.33        17     0.693      0.209      0.259      0.238
 173/200     126/126    0.0965     0.127       0.9     0.203      1.33        14     0.663      0.205      0.258      0.234
 174/200     126/126    0.0965     0.125     0.898     0.204      1.32        24     0.673      0.207      0.257      0.237
 175/200     126/126    0.0975     0.126     0.894       0.2      1.32        40     0.666      0.205      0.264      0.233
 176/200     126/126    0.0982     0.128     0.904     0.203      1.33        26     0.672      0.206      0.255      0.236
 177/200     126/126     0.098     0.127     0.899       0.2      1.32        28     0.679      0.205      0.265      0.233
 178/200     126/126    0.0972     0.127     0.892     0.198      1.31        26     0.675      0.207      0.264      0.236
 179/200     126/126    0.0974     0.126     0.897     0.201      1.32        34     0.696      0.212      0.266      0.242
 180/200     126/126    0.0981     0.127     0.902     0.204      1.33        30     0.684      0.209      0.259      0.238
 181/200     126/126     0.098     0.127      0.89     0.197      1.31        41     0.692      0.206      0.264      0.232
 182/200     126/126    0.0965     0.126     0.881     0.198       1.3        32     0.674      0.208      0.273      0.234
 183/200     126/126    0.0968     0.126     0.884     0.198       1.3        32     0.652       0.21      0.261      0.238
 184/200     126/126    0.0981     0.127     0.893     0.199      1.32        50     0.677      0.209      0.272      0.236
 185/200     126/126    0.0972     0.127     0.892     0.201      1.32        36     0.683      0.208      0.273      0.235
 186/200     126/126    0.0972     0.127     0.884     0.197       1.3        41     0.683       0.21      0.259      0.238
 187/200     126/126     0.097     0.125     0.886     0.199      1.31        14     0.667      0.207      0.262      0.237
 188/200     126/126    0.0968     0.126     0.887     0.196       1.3        35     0.675      0.206      0.258      0.236
 189/200     126/126    0.0973     0.126     0.885     0.195       1.3        35      0.67      0.208      0.266      0.237
 190/200     126/126    0.0965     0.124      0.88     0.195       1.3        46     0.676      0.213      0.275      0.241
 191/200     126/126    0.0969     0.126     0.888     0.193       1.3        39     0.671      0.211      0.272       0.24
 192/200     126/126    0.0957     0.124     0.874     0.194      1.29        17     0.682      0.211      0.268      0.241
 193/200     126/126    0.0965     0.126     0.868     0.194      1.28        11     0.673      0.216      0.264      0.248
 194/200     126/126    0.0958     0.126     0.871     0.197      1.29        31     0.665      0.209      0.269      0.238
 195/200     126/126    0.0959     0.124     0.868     0.192      1.28        39     0.664      0.207      0.266      0.235
 196/200     126/126    0.0961     0.125     0.868     0.194      1.28        26     0.687      0.209      0.278      0.237
 197/200     126/126    0.0959     0.126     0.872     0.192      1.29        18      0.68      0.211      0.258      0.243
 198/200     126/126    0.0966     0.125     0.872     0.194      1.29        35     0.669      0.208      0.264      0.236
 199/200     126/126    0.0965     0.125     0.867     0.192      1.28        27     0.656      0.212      0.263       0.24
 101/200     126/126     0.103     0.134     0.994     0.238      1.47        53      9.54      0.205      0.259      0.235
 102/200     126/126     0.103     0.134     0.986     0.238      1.46        32      0.67      0.201      0.265      0.228
 103/200     126/126     0.103     0.136         1     0.234      1.47        63     0.683      0.201       0.27      0.228
 104/200     126/126     0.103     0.134     0.997     0.235      1.47        35     0.673      0.204      0.262      0.231
 105/200     126/126     0.103     0.134     0.987     0.234      1.46        36     0.693      0.203      0.259      0.231
 106/200     126/126     0.102     0.135     0.979     0.233      1.45        14     0.671      0.201      0.267      0.228
 107/200     126/126     0.102     0.134     0.998     0.236      1.47        28     0.661      0.203      0.261      0.231
 108/200     126/126     0.103     0.135     0.994     0.237      1.47        44     0.684      0.205      0.266      0.234
 109/200     126/126     0.103     0.133     0.976     0.234      1.45        29     0.666      0.203      0.265      0.231
 110/200     126/126     0.101     0.132     0.972     0.232      1.44        23     0.684      0.204      0.264      0.232
 111/200     126/126     0.102     0.134     0.986     0.233      1.46        14     0.672      0.202      0.266       0.23
 112/200     126/126     0.102     0.133     0.983     0.232      1.45        26     0.687      0.202      0.266      0.231
 113/200     126/126     0.103     0.134     0.977     0.228      1.44        32     0.678      0.205      0.264      0.233
 114/200     126/126     0.101     0.133     0.968     0.234      1.44        30     0.684      0.202       0.26      0.231
 115/200     126/126     0.102     0.132     0.975     0.231      1.44        13      0.67      0.204      0.261      0.232
 116/200     126/126     0.102     0.132     0.966     0.229      1.43        14     0.684      0.205      0.262      0.235
 117/200     126/126     0.102     0.132     0.972     0.227      1.43        24     0.669      0.213      0.268      0.241
 118/200     126/126     0.102     0.133     0.962     0.227      1.42        18     0.673      0.208      0.266      0.236
 119/200     126/126     0.101     0.132     0.968     0.224      1.42        25     0.683      0.204      0.275      0.231
 120/200     126/126     0.101      0.13     0.945     0.223       1.4        39     0.686      0.206      0.267      0.234
 121/200     126/126     0.101     0.131     0.948     0.225      1.41        46     0.686      0.204      0.264      0.232
 122/200     126/126     0.101     0.131     0.944     0.225       1.4        33     0.696      0.206      0.257      0.234
 123/200     126/126     0.101     0.131     0.947     0.225       1.4        38     0.687      0.202      0.271      0.229
 124/200     126/126     0.101     0.133     0.936     0.222      1.39        14     0.669      0.199      0.258      0.227
 125/200     126/126     0.101     0.131     0.929     0.221      1.38        26     0.667      0.204       0.27      0.232
 126/200     126/126       0.1     0.131     0.934     0.227      1.39        24     0.663        0.2      0.253      0.228
 127/200     126/126     0.101     0.132      0.95     0.221       1.4        34     0.693      0.201      0.262      0.228
 128/200     126/126    0.0997      0.13     0.918     0.217      1.36        10     0.688      0.205      0.267      0.232
 129/200     126/126     0.101      0.13     0.927      0.22      1.38        34     0.669      0.206      0.262      0.235
 130/200     126/126       0.1     0.129     0.913     0.219      1.36        45     0.695      0.203      0.267      0.229
 131/200     126/126    0.0996     0.129     0.921     0.217      1.37        30     0.664      0.202      0.263       0.23
 132/200     126/126    0.0998     0.129     0.909     0.217      1.35        30     0.687      0.203      0.263       0.23
 133/200     126/126     0.101     0.129     0.918     0.218      1.37        20     0.685      0.208       0.27      0.234
 134/200     126/126    0.0991     0.128     0.901     0.213      1.34        20     0.686      0.202      0.259      0.232
 135/200     126/126    0.0987     0.127     0.894     0.211      1.33        29     0.687      0.203      0.256      0.233
 136/200     126/126       0.1      0.13     0.894     0.213      1.34        26     0.692      0.198      0.257      0.225
 137/200     126/126       0.1     0.128     0.885     0.213      1.32        22     0.695      0.202       0.26      0.231
 138/200     126/126    0.0984     0.129     0.883     0.208      1.32        11     0.678      0.205      0.268      0.234
 139/200     126/126    0.0996     0.127     0.875     0.211      1.31        13     0.689      0.202      0.268      0.229
 140/200     126/126     0.099     0.125     0.879     0.211      1.31        23     0.674      0.207      0.265      0.234
 141/200     126/126    0.0988     0.126     0.862     0.208      1.29        34     0.679      0.203       0.26      0.231
 142/200     126/126    0.0982     0.127     0.862     0.208      1.29        46     0.678      0.203      0.268      0.229
 143/200     126/126    0.0983     0.127     0.868     0.208       1.3        37     0.658      0.203       0.25      0.231
 144/200     126/126    0.0986     0.127     0.861     0.206      1.29        20     0.679      0.204       0.26      0.231
 145/200     126/126    0.0993     0.127      0.87     0.207       1.3        27     0.668      0.205      0.252      0.235
 146/200     126/126    0.0981     0.125     0.844     0.204      1.27        30     0.674      0.205      0.273      0.232
 147/200     126/126    0.0983     0.127     0.842     0.202      1.27        31     0.675      0.207      0.251      0.238
 148/200     126/126    0.0995     0.125      0.83     0.202      1.26        32     0.684      0.206       0.27      0.233
 149/200     126/126    0.0975     0.125     0.821       0.2      1.24        25     0.687      0.204      0.258      0.233
 150/200     126/126     0.098     0.127     0.835     0.202      1.26        24     0.658      0.208      0.269      0.235
 151/200     126/126    0.0992     0.131     0.927      0.21      1.37        21     0.666       0.21      0.263      0.237
 152/200     126/126    0.0999     0.127     0.932      0.21      1.37        37     0.694      0.208      0.265      0.237
 153/200     126/126    0.0993      0.13     0.922     0.216      1.37        24      0.68      0.206      0.254      0.236
 154/200     126/126       0.1     0.131     0.922     0.215      1.37        30     0.692      0.203      0.269       0.23
 155/200     126/126    0.0993      0.13      0.93     0.215      1.37        29     0.671      0.208      0.266      0.235
 156/200     126/126    0.0988      0.13     0.931     0.211      1.37        28     0.669      0.204      0.261      0.233
 157/200     126/126    0.0994     0.129      0.92     0.212      1.36        21     0.685      0.207      0.267      0.235
 158/200     126/126    0.0985      0.13      0.92      0.21      1.36        40     0.686      0.206      0.269      0.233
 159/200     126/126    0.0989     0.128     0.909      0.21      1.35        21     0.675      0.207      0.267      0.235
 160/200     126/126    0.0994     0.128     0.918     0.208      1.35        25     0.683      0.204       0.27      0.231
 161/200     126/126    0.0985      0.13     0.921     0.206      1.36        30     0.684      0.209      0.263      0.238
 162/200     126/126    0.0989     0.129     0.911     0.207      1.35        29     0.663      0.204      0.259      0.233
 163/200     126/126    0.0981     0.128     0.915     0.205      1.35        36     0.664      0.209       0.26      0.237
 164/200     126/126    0.0979     0.128     0.915     0.208      1.35        24     0.677      0.205      0.271      0.231
 165/200     126/126    0.0977     0.129     0.909     0.206      1.34        26     0.677      0.213      0.272       0.24
 166/200     126/126    0.0987     0.127     0.904     0.205      1.33        22     0.666      0.207      0.265      0.235
 167/200     126/126     0.097     0.127     0.911     0.204      1.34        37     0.689      0.208      0.269      0.235
 168/200     126/126    0.0984     0.128     0.916     0.205      1.35        37     0.676      0.208      0.255      0.237
 169/200     126/126    0.0983     0.128     0.907     0.203      1.34        39     0.665      0.212      0.268       0.24
 170/200     126/126    0.0974     0.126     0.903     0.204      1.33        24     0.696      0.209      0.259       0.24
 171/200     126/126    0.0979     0.127       0.9     0.206      1.33        24     0.692      0.205      0.267      0.232
 172/200     126/126    0.0977     0.128     0.901     0.202      1.33        17     0.693      0.209      0.259      0.238
 173/200     126/126    0.0965     0.127       0.9     0.203      1.33        14     0.663      0.205      0.258      0.234
 174/200     126/126    0.0965     0.125     0.898     0.204      1.32        24     0.673      0.207      0.257      0.237
 175/200     126/126    0.0975     0.126     0.894       0.2      1.32        40     0.666      0.205      0.264      0.233
 176/200     126/126    0.0982     0.128     0.904     0.203      1.33        26     0.672      0.206      0.255      0.236
 177/200     126/126     0.098     0.127     0.899       0.2      1.32        28     0.679      0.205      0.265      0.233
 178/200     126/126    0.0972     0.127     0.892     0.198      1.31        26     0.675      0.207      0.264      0.236
 179/200     126/126    0.0974     0.126     0.897     0.201      1.32        34     0.696      0.212      0.266      0.242
 180/200     126/126    0.0981     0.127     0.902     0.204      1.33        30     0.684      0.209      0.259      0.238
 181/200     126/126     0.098     0.127      0.89     0.197      1.31        41     0.692      0.206      0.264      0.232
 182/200     126/126    0.0965     0.126     0.881     0.198       1.3        32     0.674      0.208      0.273      0.234
 183/200     126/126    0.0968     0.126     0.884     0.198       1.3        32     0.652       0.21      0.261      0.238
 184/200     126/126    0.0981     0.127     0.893     0.199      1.32        50     0.677      0.209      0.272      0.236
 185/200     126/126    0.0972     0.127     0.892     0.201      1.32        36     0.683      0.208      0.273      0.235
 186/200     126/126    0.0972     0.127     0.884     0.197       1.3        41     0.683       0.21      0.259      0.238
 187/200     126/126     0.097     0.125     0.886     0.199      1.31        14     0.667      0.207      0.262      0.237
 188/200     126/126    0.0968     0.126     0.887     0.196       1.3        35     0.675      0.206      0.258      0.236
 189/200     126/126    0.0973     0.126     0.885     0.195       1.3        35      0.67      0.208      0.266      0.237
 190/200     126/126    0.0965     0.124      0.88     0.195       1.3        46     0.676      0.213      0.275      0.241
 191/200     126/126    0.0969     0.126     0.888     0.193       1.3        39     0.671      0.211      0.272       0.24
 192/200     126/126    0.0957     0.124     0.874     0.194      1.29        17     0.682      0.211      0.268      0.241
 193/200     126/126    0.0965     0.126     0.868     0.194      1.28        11     0.673      0.216      0.264      0.248
 194/200     126/126    0.0958     0.126     0.871     0.197      1.29        31     0.665      0.209      0.269      0.238
 195/200     126/126    0.0959     0.124     0.868     0.192      1.28        39     0.664      0.207      0.266      0.235
 196/200     126/126    0.0961     0.125     0.868     0.194      1.28        26     0.687      0.209      0.278      0.237
 197/200     126/126    0.0959     0.126     0.872     0.192      1.29        18      0.68      0.211      0.258      0.243
 198/200     126/126    0.0966     0.125     0.872     0.194      1.29        35     0.669      0.208      0.264      0.236
 199/200     126/126    0.0965     0.125     0.867     0.192      1.28        27     0.656      0.212      0.263       0.24
