   1/100     337/337     0.221     0.379      3.62     0.749      4.97       269      1.65     0.0907       0.12      0.137
   2/100     337/337     0.172     0.241      1.37     0.445      2.23       212      1.55      0.121      0.165      0.163
   3/100     337/337     0.154     0.214      1.26     0.373         2       255      1.54      0.107       0.15      0.165
   4/100     337/337     0.143     0.211       1.2     0.338      1.89       204      1.49      0.147      0.206      0.202
   5/100     337/337     0.134     0.175      1.17     0.306      1.79       275      1.61      0.129      0.191       0.18
   6/100     337/337     0.127      0.17      1.14     0.289      1.73       210      1.57      0.157      0.213      0.213
   7/100     337/337     0.123     0.165      1.12     0.274      1.68       275      1.54      0.183      0.244      0.234
   8/100     337/337     0.118     0.161       1.1     0.262      1.64       226      1.63      0.187       0.24      0.232
   9/100     337/337     0.113     0.155      1.08      0.25       1.6       208      1.61      0.187       0.25      0.229
  10/100     337/337     0.111     0.154      1.06     0.243      1.57       246      1.62      0.204      0.264      0.257
  11/100     337/337      0.11     0.153      1.04     0.234      1.54       269       1.6      0.234       0.29      0.279
  12/100     337/337     0.107     0.149      1.04     0.227      1.53       225      1.53      0.221      0.259      0.273
  13/100     337/337     0.106     0.151      1.03     0.222      1.51       268      1.55      0.249      0.308       0.29
  14/100     337/337     0.104     0.143      1.01     0.217      1.48       250      1.59      0.236       0.29      0.279
  15/100     337/337     0.102     0.141      1.01     0.213      1.46       187      1.54      0.259      0.318        0.3
  16/100     337/337     0.101     0.141     0.984     0.209      1.44       204      1.55       0.25      0.304       0.29
  17/100     337/337    0.0992     0.139      0.98     0.202      1.42       337       1.5      0.253       0.32      0.296
  18/100     337/337    0.0993     0.138     0.977     0.203      1.42       245      1.65      0.238       0.29      0.296
  19/100     337/337    0.0979     0.138     0.962     0.194      1.39       241       1.5      0.245      0.309      0.291
  20/100     337/337    0.0967     0.138     0.969     0.193       1.4       262      1.63      0.238      0.295      0.298
  21/100     337/337    0.0959      0.14     0.957     0.191      1.38       225      1.54      0.273      0.327      0.313
  22/100     337/337    0.0955     0.132     0.945     0.187      1.36       283      1.54      0.273      0.324      0.313
  23/100     337/337    0.0945     0.132     0.939     0.186      1.35       252       1.5      0.241      0.296      0.293
  24/100     337/337    0.0945     0.132     0.931     0.182      1.34       255      1.64      0.233      0.291      0.283
  25/100     337/337    0.0936     0.131     0.926     0.179      1.33       223      1.59      0.279      0.354      0.317
  26/100     337/337    0.0927     0.126     0.926     0.179      1.32       220      1.55      0.238      0.296      0.301
  27/100     337/337    0.0927     0.128     0.923     0.171      1.31       274       1.6      0.261      0.329      0.305
  28/100     337/337    0.0922     0.126     0.913     0.172       1.3       230      1.56      0.242      0.314      0.302
  29/100     337/337     0.091     0.127     0.907     0.171       1.3       217      1.59       0.27      0.329      0.313
  30/100     337/337     0.091     0.123     0.904     0.169      1.29       226       1.6       0.28      0.347      0.317
  31/100     337/337    0.0897     0.124     0.888     0.161      1.26       266      1.63      0.281      0.332      0.321
  32/100     337/337    0.0891     0.126      0.89     0.161      1.27       211      1.54      0.255      0.312      0.308
  33/100     337/337    0.0898     0.126     0.879     0.159      1.25       211      1.55       0.29      0.362      0.328
  34/100     337/337    0.0889     0.123     0.875     0.158      1.24       235      1.45      0.214      0.265      0.255
  35/100     337/337    0.0888     0.126     0.874     0.155      1.24       202      1.52      0.252       0.32        0.3
  36/100     337/337    0.0882     0.122     0.873     0.154      1.24       214      1.54      0.284      0.349      0.325
  37/100     337/337    0.0877     0.119     0.877     0.151      1.23       282      1.56      0.286       0.34      0.331
  38/100     337/337    0.0873     0.119     0.865      0.15      1.22       272      1.54      0.262      0.323      0.304
  39/100     337/337    0.0861      0.12     0.855     0.148      1.21       257      1.52      0.286      0.373      0.322
  40/100     337/337    0.0867      0.12     0.849     0.145       1.2       225      1.57      0.284      0.357      0.322
  41/100     337/337    0.0857     0.117     0.848     0.144       1.2       168      1.58      0.295      0.358      0.337
  42/100     337/337     0.086     0.116      0.85     0.141      1.19       216      1.58      0.263      0.314      0.303
  43/100     337/337    0.0847     0.117     0.842     0.138      1.18       224      1.56       0.26      0.313      0.314
  44/100     337/337    0.0849     0.117      0.84     0.137      1.18       153       1.6       0.29      0.349      0.331
  45/100     337/337    0.0844     0.114     0.831     0.135      1.17       216      1.62      0.292      0.353      0.329
  46/100     337/337    0.0838     0.114     0.833     0.133      1.16       255      1.49      0.267       0.34       0.32
  47/100     337/337    0.0837     0.118     0.826     0.133      1.16       234      1.59      0.266      0.331      0.306
  48/100     337/337    0.0841     0.116     0.823     0.134      1.16       220      1.47      0.269      0.332       0.31
  49/100     337/337    0.0834     0.115     0.824     0.128      1.15       286      1.41      0.273      0.332      0.322
  50/100     337/337     0.083     0.115     0.814     0.128      1.14       211      1.56      0.291      0.334      0.341
  51/100     337/337    0.0828      0.11     0.809     0.125      1.13       263      1.48      0.313      0.376      0.351
  52/100     337/337    0.0824     0.106     0.804     0.125      1.12       215      1.59      0.314      0.377      0.351
  53/100     337/337    0.0822     0.105     0.803     0.123      1.11       223      1.62      0.316      0.381      0.353
  54/100     337/337    0.0823     0.105     0.807     0.123      1.12       259      1.53      0.315      0.378      0.352
  55/100     337/337    0.0825     0.105     0.796     0.123      1.11       256      1.53      0.316      0.376      0.354
  56/100     337/337    0.0821     0.105     0.803     0.123      1.11       236      1.66      0.317      0.383      0.354
  57/100     337/337    0.0821     0.105       0.8     0.125      1.11       239      1.59      0.314      0.379      0.352
  58/100     337/337    0.0823     0.104      0.79     0.121       1.1       228      1.55      0.313      0.376      0.352
  59/100     337/337    0.0821     0.104     0.793     0.123       1.1       226      1.52      0.317       0.38      0.355
  60/100     337/337    0.0818     0.104     0.795     0.122       1.1       253      1.67      0.315      0.376      0.352
  61/100     337/337    0.0811     0.103     0.791     0.121       1.1       221      1.52      0.317      0.379      0.355
  62/100     337/337    0.0813     0.104     0.786     0.121      1.09       255      1.58      0.315      0.376      0.352
  63/100     337/337    0.0815     0.104     0.794     0.122       1.1       320      1.51      0.315      0.377      0.352
  64/100     337/337    0.0812     0.104     0.793      0.12       1.1       238      1.58      0.319      0.381      0.357
  65/100     337/337    0.0806     0.103     0.792      0.12       1.1       285       1.7      0.316      0.382      0.353
  66/100     337/337    0.0809     0.104     0.785     0.121      1.09       222       1.5      0.314      0.382      0.352
  67/100     337/337    0.0818     0.104     0.792     0.121       1.1       211      1.58      0.314      0.383      0.351
  68/100     337/337    0.0814     0.103     0.788      0.12      1.09       249      1.59      0.316      0.383      0.353
  69/100     337/337     0.081     0.104     0.787     0.119      1.09       228      1.44      0.317      0.382      0.354
  70/100     337/337    0.0806     0.104     0.787     0.121      1.09       285      1.57      0.317       0.38      0.353
  71/100     337/337    0.0813     0.104     0.786     0.118      1.09       278      1.66      0.313      0.379       0.35
  72/100     337/337    0.0806     0.104     0.792     0.121       1.1       265      1.66      0.319      0.379      0.356
  73/100     337/337     0.081     0.103     0.789     0.118      1.09       244      1.51      0.317      0.383      0.354
  74/100     337/337    0.0807     0.103     0.786     0.118      1.09       268      1.59      0.318       0.38      0.355
  75/100     337/337    0.0807     0.103     0.777     0.116      1.08       247      1.62      0.318      0.383      0.355
  76/100     337/337    0.0809     0.103     0.777     0.118      1.08       221      1.63      0.315      0.383      0.352
  77/100     337/337     0.081     0.104     0.783     0.118      1.09       250      1.55      0.317      0.379      0.353
  78/100     337/337    0.0807     0.103     0.782     0.117      1.08       240      1.59      0.316       0.38      0.352
  79/100     337/337     0.081     0.103     0.783     0.118      1.09       258      1.52      0.319       0.38      0.356
  80/100     337/337     0.081     0.104      0.78     0.117      1.08       264      1.61      0.316      0.382      0.353
  81/100     337/337    0.0808     0.104     0.789     0.118      1.09       197      1.52      0.318      0.377      0.355
  82/100     337/337    0.0813     0.104     0.784     0.117      1.09       224      1.46      0.316      0.381      0.352
  83/100     337/337    0.0814     0.104     0.786     0.119      1.09       233      1.57      0.318      0.379      0.354
  84/100     337/337    0.0806     0.102     0.776     0.115      1.07       205      1.53      0.315       0.38      0.352
  85/100     337/337    0.0805     0.103      0.78     0.114      1.08       234      1.63      0.317      0.383      0.354
  86/100     337/337    0.0807     0.103     0.784     0.117      1.08       229       1.6      0.317      0.383      0.353
  87/100     337/337    0.0799     0.102     0.779     0.116      1.08       248      1.58      0.317      0.382      0.354
  88/100     337/337    0.0804     0.104     0.778     0.117      1.08       225      1.58      0.315       0.38      0.353
  89/100     337/337    0.0801     0.102     0.779     0.115      1.08       250       1.6      0.315      0.379      0.352
  90/100     337/337    0.0806     0.103     0.776     0.115      1.07       246      1.55      0.316      0.383      0.353
  91/100     337/337    0.0797     0.102     0.767     0.113      1.06       289      1.62      0.318      0.383      0.353
  92/100     337/337    0.0801     0.103      0.78     0.114      1.08       230      1.46      0.314      0.382      0.351
  93/100     337/337    0.0804     0.102     0.783     0.115      1.08       211      1.48      0.318      0.378      0.356
  94/100     337/337    0.0809     0.103     0.778     0.115      1.08       258      1.55      0.315       0.38      0.351
  95/100     337/337    0.0805     0.102      0.77     0.114      1.07       242      1.56      0.316       0.38      0.353
  96/100     337/337    0.0804     0.102     0.774     0.114      1.07       218      1.52      0.316      0.382      0.353
  97/100     337/337    0.0804     0.102      0.77     0.116      1.07       215      1.49      0.317      0.379      0.354
  98/100     337/337    0.0801     0.102      0.77     0.112      1.06       218      1.44      0.316       0.38      0.353
  99/100     337/337      0.08     0.102     0.777     0.114      1.07       247      1.61      0.317      0.382      0.355
