   1/100     337/337      0.22     0.375      3.58     0.745      4.92       269       1.8     0.0821      0.113      0.135
   2/100     337/337     0.169     0.238      1.34     0.442      2.19       212      1.78      0.119       0.17      0.163
   3/100     337/337      0.15     0.208      1.22     0.369      1.94       255      1.83      0.108      0.148      0.169
   4/100     337/337     0.139     0.206      1.15     0.333      1.83       204      1.81      0.163      0.212      0.213
   5/100     337/337     0.129     0.168      1.12       0.3      1.72       275       1.8      0.136       0.19      0.185
   6/100     337/337     0.123     0.165      1.09     0.281      1.66       210      1.75      0.163      0.216      0.221
   7/100     337/337     0.118     0.159      1.07     0.267      1.61       275      1.81      0.188      0.247      0.237
   8/100     337/337     0.113     0.154      1.05     0.254      1.57       226       1.8      0.172      0.229      0.231
   9/100     337/337     0.109     0.151      1.03     0.242      1.53       208      1.76      0.183      0.248      0.229
  10/100     337/337     0.107     0.151      1.01     0.235       1.5       246      1.84      0.214      0.278      0.265
  11/100     337/337     0.105     0.146     0.993     0.226      1.47       269      1.74      0.217      0.281      0.277
  12/100     337/337     0.102     0.145     0.989     0.218      1.45       225      1.82      0.249       0.29      0.291
  13/100     337/337     0.101     0.141     0.972     0.213      1.43       268      1.83      0.259      0.322      0.301
  14/100     337/337    0.0986     0.137     0.959     0.209       1.4       250      1.75      0.247      0.303      0.287
  15/100     337/337    0.0972     0.135     0.955     0.204      1.39       187      1.88      0.257       0.32        0.3
  16/100     337/337    0.0963     0.137     0.934       0.2      1.37       204      1.76      0.249      0.307      0.293
  17/100     337/337    0.0941     0.137     0.926     0.194      1.35       337       1.8      0.257      0.315      0.301
  18/100     337/337    0.0938     0.135     0.922     0.193      1.34       245      1.79      0.238      0.288      0.297
  19/100     337/337    0.0926     0.132     0.907     0.186      1.32       241       1.8      0.255      0.322      0.305
  20/100     337/337    0.0914     0.129     0.914     0.183      1.32       262       1.8      0.247      0.304      0.305
  21/100     337/337    0.0905     0.131     0.901     0.181       1.3       225      1.83      0.286      0.344      0.326
  22/100     337/337    0.0901     0.125     0.891     0.178      1.28       283      1.88      0.287      0.341      0.328
  23/100     337/337    0.0889     0.123     0.885     0.175      1.27       252      1.79      0.257      0.306      0.305
  24/100     337/337     0.089     0.125     0.874     0.172      1.26       255       1.8      0.244      0.304      0.296
  25/100     337/337    0.0882     0.125     0.872     0.168      1.25       223      1.86      0.295      0.377      0.333
  26/100     337/337    0.0872     0.121     0.872     0.169      1.25       220      1.84      0.262      0.313      0.322
  27/100     337/337    0.0875     0.122     0.868     0.161      1.24       274       1.9      0.272      0.345      0.314
  28/100     337/337    0.0864      0.12     0.856     0.161      1.22       230      1.79      0.259      0.336      0.327
  29/100     337/337    0.0856     0.121     0.852      0.16      1.22       217      1.78      0.278      0.343      0.322
  30/100     337/337    0.0854     0.118     0.848     0.158      1.21       226      1.84      0.295      0.365      0.332
  31/100     337/337    0.0842     0.118     0.837     0.151      1.19       266      1.76      0.288      0.347      0.327
  32/100     337/337    0.0836     0.116     0.836      0.15      1.19       211      1.78      0.251      0.313      0.312
  33/100     337/337    0.0841      0.12     0.825      0.15      1.18       211      1.84      0.301       0.38      0.339
  34/100     337/337     0.083     0.115      0.82     0.147      1.17       235      1.79      0.241      0.299      0.284
  35/100     337/337    0.0828     0.118      0.82     0.144      1.16       202       1.8      0.273       0.34      0.317
  36/100     337/337    0.0824     0.116     0.819     0.144      1.16       214      1.84      0.286      0.357       0.33
  37/100     337/337    0.0822     0.113     0.822     0.141      1.16       282      1.82        0.3      0.363      0.345
  38/100     337/337    0.0817     0.114     0.808      0.14      1.14       272      1.81      0.274      0.333      0.316
  39/100     337/337    0.0807     0.114     0.802     0.139      1.13       257      1.78      0.298      0.376      0.336
  40/100     337/337    0.0809     0.113     0.793     0.134      1.12       225       1.8      0.291      0.373      0.328
  41/100     337/337    0.0804     0.113     0.794     0.134      1.12       168      1.84      0.311      0.378      0.351
  42/100     337/337    0.0804     0.109     0.794     0.131      1.12       216      1.87      0.275      0.332      0.314
  43/100     337/337    0.0791     0.112     0.788     0.129      1.11       224      1.73      0.293      0.346      0.341
  44/100     337/337    0.0793      0.11     0.787     0.127       1.1       153      1.77        0.3      0.363      0.343
  45/100     337/337    0.0789     0.111     0.778     0.126      1.09       216      1.84      0.305      0.369      0.342
  46/100     337/337    0.0784     0.109     0.777     0.123      1.09       255      1.74      0.283      0.361       0.33
  47/100     337/337    0.0781     0.112     0.775     0.123      1.09       234      1.76      0.289      0.357      0.329
  48/100     337/337    0.0785     0.107     0.772     0.124      1.08       220      1.78      0.283       0.35      0.326
  49/100     337/337    0.0778     0.107      0.77     0.119      1.07       286      1.89      0.264      0.333      0.328
  50/100     337/337    0.0774      0.11     0.761     0.119      1.07       211      1.74      0.317       0.36      0.358
  51/100     337/337    0.0771     0.103     0.759     0.116      1.06       263       1.8      0.331      0.397      0.367
  52/100     337/337    0.0766    0.0999     0.751     0.115      1.04       215      1.89      0.333      0.397      0.367
  53/100     337/337    0.0766    0.0986     0.749     0.115      1.04       223      1.69       0.33      0.396      0.366
  54/100     337/337    0.0765    0.0991     0.753     0.114      1.04       259      1.84      0.334        0.4       0.37
  55/100     337/337    0.0768    0.0985     0.743     0.114      1.03       256      1.69      0.332      0.395      0.368
  56/100     337/337    0.0763    0.0987      0.75     0.113      1.04       236      1.85      0.332      0.399      0.367
  57/100     337/337    0.0763    0.0992     0.749     0.116      1.04       239      1.83      0.331      0.398      0.367
  58/100     337/337    0.0765    0.0979     0.739     0.112      1.03       228      1.82      0.333      0.396      0.368
  59/100     337/337    0.0762    0.0976     0.742     0.114      1.03       226       1.8      0.334      0.401      0.369
  60/100     337/337    0.0761    0.0981     0.742     0.113      1.03       253      1.71      0.332      0.396      0.367
  61/100     337/337    0.0755    0.0971     0.738     0.112      1.02       221      1.84      0.334      0.397      0.369
  62/100     337/337    0.0754    0.0974     0.732     0.112      1.02       255      1.83       0.33      0.393      0.366
  63/100     337/337    0.0758    0.0981      0.74     0.113      1.03       320      1.87      0.332      0.398      0.367
  64/100     337/337    0.0755    0.0978     0.738     0.111      1.02       238      1.83      0.335        0.4      0.371
  65/100     337/337     0.075     0.097     0.741     0.111      1.02       285      1.82      0.335      0.403       0.37
  66/100     337/337     0.075    0.0976     0.733     0.113      1.02       222      1.78      0.333      0.399      0.369
  67/100     337/337    0.0758    0.0975     0.736     0.112      1.02       211      1.82      0.334      0.402      0.369
  68/100     337/337    0.0757    0.0966     0.732     0.111      1.02       249      1.81      0.332      0.401      0.367
  69/100     337/337    0.0755    0.0979     0.733      0.11      1.02       228      1.79      0.335      0.401      0.371
  70/100     337/337    0.0751    0.0979     0.734     0.112      1.02       285       1.9      0.334      0.397      0.369
  71/100     337/337    0.0756    0.0977     0.733      0.11      1.02       278      1.88      0.331      0.398      0.368
  72/100     337/337     0.075    0.0978     0.738     0.111      1.02       265      1.83      0.334      0.397       0.37
  73/100     337/337    0.0753    0.0972     0.736      0.11      1.02       244      1.85      0.335      0.402       0.37
  74/100     337/337    0.0752    0.0968     0.732     0.109      1.01       268      1.83      0.336      0.399      0.372
  75/100     337/337     0.075    0.0967     0.724     0.107         1       247      1.95      0.336      0.403      0.372
  76/100     337/337    0.0752    0.0968     0.724     0.111      1.01       221      1.84      0.332      0.401      0.366
  77/100     337/337    0.0755    0.0974     0.731      0.11      1.01       250      1.83      0.334      0.395       0.37
  78/100     337/337    0.0748    0.0968     0.728     0.109      1.01       240      1.82      0.335      0.401      0.371
  79/100     337/337    0.0752    0.0965     0.726     0.109      1.01       258      1.83      0.335      0.397      0.371
  80/100     337/337    0.0756    0.0979     0.728     0.108      1.01       264      1.89      0.332      0.399      0.367
  81/100     337/337    0.0751    0.0975     0.735      0.11      1.02       197      1.77      0.331      0.393      0.367
  82/100     337/337    0.0755    0.0974     0.731     0.108      1.01       224      1.83      0.331      0.396      0.366
  83/100     337/337    0.0757    0.0973     0.732     0.109      1.01       233      1.74      0.333      0.396       0.37
  84/100     337/337     0.075    0.0963     0.725     0.107         1       205      1.85       0.33      0.396      0.367
  85/100     337/337    0.0749    0.0965     0.726     0.106         1       234      1.76      0.332      0.397      0.367
  86/100     337/337    0.0748    0.0969     0.731     0.108      1.01       229      1.69      0.335      0.401       0.37
  87/100     337/337    0.0743    0.0964     0.727     0.108         1       248      1.77      0.334      0.398      0.371
  88/100     337/337    0.0748    0.0972     0.724     0.107         1       225      1.66      0.335      0.397      0.371
  89/100     337/337    0.0746    0.0963     0.726     0.107         1       250       1.7       0.33      0.394      0.366
  90/100     337/337    0.0747    0.0965     0.722     0.106     0.999       246      1.68       0.33      0.398      0.365
  91/100     337/337    0.0741     0.096     0.713     0.105     0.988       289      1.67      0.334        0.4       0.37
  92/100     337/337    0.0745    0.0965     0.726     0.107         1       230      1.61      0.332      0.398      0.368
  93/100     337/337     0.075    0.0961     0.725     0.107         1       211      1.71      0.335      0.398      0.372
  94/100     337/337    0.0752    0.0967     0.726     0.107      1.01       258      1.69      0.334      0.399      0.371
  95/100     337/337    0.0746    0.0963     0.717     0.106     0.994       242      1.87      0.332      0.396      0.369
  96/100     337/337    0.0744    0.0959     0.721     0.106     0.998       218      1.76      0.334      0.399      0.371
  97/100     337/337    0.0748    0.0967     0.718     0.108     0.998       215      1.53      0.336      0.398      0.372
  98/100     337/337    0.0745    0.0963     0.719     0.104     0.994       218      1.76      0.335      0.398      0.371
  99/100     337/337    0.0741    0.0962     0.726     0.106         1       247      1.75      0.335      0.398      0.372
