   1/100     337/337     0.226      0.39      3.74     0.755      5.11       269      1.46     0.0913      0.125      0.128
   2/100     337/337      0.18     0.234      1.48     0.455      2.35       212      1.42      0.107      0.156      0.154
   3/100     337/337     0.162     0.208      1.36     0.385      2.11       255      1.34      0.104      0.151      0.162
   4/100     337/337     0.153     0.215       1.3     0.351      2.02       204      1.47      0.157      0.219      0.198
   5/100     337/337     0.144     0.187      1.28     0.321      1.93       275      1.43       0.12      0.183      0.166
   6/100     337/337     0.138     0.186      1.25     0.305      1.88       210      1.48      0.163      0.218      0.213
   7/100     337/337     0.133     0.175      1.23     0.291      1.83       275      1.43      0.178      0.237      0.224
   8/100     337/337     0.128     0.171      1.21     0.279      1.79       226      1.45      0.177      0.232      0.228
   9/100     337/337     0.124     0.174       1.2     0.268      1.76       208      1.41      0.196      0.252      0.237
  10/100     337/337     0.122     0.176      1.18     0.263      1.74       246      1.45      0.198      0.261      0.251
  11/100     337/337      0.12     0.176      1.16     0.253      1.71       269      1.43       0.23      0.292      0.271
  12/100     337/337     0.118     0.163      1.16     0.247      1.69       225      1.44      0.224      0.258      0.272
  13/100     337/337     0.118      0.16      1.14     0.242      1.66       268      1.37      0.238        0.3      0.278
  14/100     337/337     0.115     0.155      1.13     0.236      1.64       250      1.43      0.217      0.275       0.26
  15/100     337/337     0.113     0.155      1.13     0.232      1.63       187       1.4      0.248      0.314      0.287
  16/100     337/337     0.113     0.152      1.11     0.229       1.6       204      1.39      0.237      0.288      0.282
  17/100     337/337      0.11     0.153       1.1     0.222      1.59       337      1.43      0.247      0.313      0.286
  18/100     337/337      0.11     0.152       1.1     0.224      1.58       245      1.39      0.229      0.278      0.289
  19/100     337/337     0.109      0.15      1.09     0.215      1.56       241      1.41      0.229      0.288      0.281
  20/100     337/337     0.108      0.15      1.09     0.212      1.56       262      1.41      0.236      0.298      0.286
  21/100     337/337     0.107     0.149      1.08     0.211      1.54       225      1.38       0.23      0.296      0.285
  22/100     337/337     0.107     0.145      1.07     0.208      1.53       283       1.4      0.264      0.321      0.302
  23/100     337/337     0.106      0.14      1.06     0.207      1.52       252      1.36      0.241      0.295      0.288
  24/100     337/337     0.105     0.143      1.06     0.203      1.51       255      1.43      0.227      0.285      0.277
  25/100     337/337     0.104     0.143      1.05     0.202       1.5       223      1.44      0.268      0.348      0.307
  26/100     337/337     0.104     0.139      1.04     0.201      1.49       220      1.33      0.241      0.311      0.295
  27/100     337/337     0.104      0.14      1.05     0.195      1.49       274      1.43      0.253      0.321      0.296
  28/100     337/337     0.103      0.14      1.04     0.195      1.48       230      1.41      0.265      0.336      0.306
  29/100     337/337     0.102     0.138      1.03     0.193      1.46       217      1.54      0.261      0.314      0.305
  30/100     337/337     0.102     0.135      1.04     0.191      1.46       226      1.46      0.266      0.338      0.305
  31/100     337/337     0.101     0.135      1.01     0.185      1.43       266      1.36      0.259      0.305      0.304
  32/100     337/337       0.1     0.137      1.02     0.184      1.44       211      1.42      0.247      0.305      0.298
  33/100     337/337       0.1     0.138      1.01     0.181      1.43       211      1.41      0.277      0.349      0.314
  34/100     337/337    0.0998     0.135         1     0.179      1.41       235      1.46      0.212      0.274      0.253
  35/100     337/337    0.0999     0.138         1     0.179      1.42       202      1.45      0.246      0.316      0.291
  36/100     337/337    0.0993     0.136         1     0.177      1.41       214      1.39      0.268      0.337       0.31
  37/100     337/337    0.0989     0.133         1     0.176      1.41       282      1.42      0.282      0.342      0.324
  38/100     337/337    0.0985     0.132     0.994     0.174       1.4       272      1.43      0.265      0.332      0.307
  39/100     337/337    0.0973     0.132      0.98     0.173      1.38       257      1.47      0.266      0.354      0.304
  40/100     337/337    0.0974     0.132     0.975     0.169      1.37       225      1.36      0.264      0.337        0.3
  41/100     337/337     0.097     0.132      0.97     0.169      1.37       168      2.52       0.27      0.337      0.314
  42/100     337/337     0.097     0.131     0.978     0.165      1.37       216       1.5      0.252      0.313      0.293
  43/100     337/337    0.0961     0.129     0.969     0.163      1.36       224      1.43       0.27       0.33      0.317
  44/100     337/337    0.0957     0.129     0.964     0.161      1.35       153      1.47      0.282      0.345      0.322
  45/100     337/337    0.0955     0.128     0.958     0.158      1.34       216      1.85      0.275      0.346      0.317
  46/100     337/337    0.0947     0.129     0.961     0.158      1.34       255      1.42      0.277      0.355      0.314
  47/100     337/337    0.0951      0.13     0.953     0.158      1.33       234      1.46      0.264      0.333      0.305
  48/100     337/337    0.0951     0.126     0.949     0.157      1.33       220      1.48      0.271      0.341      0.312
  49/100     337/337    0.0945     0.125     0.949     0.151      1.32       286      1.38      0.252      0.326      0.307
  50/100     337/337    0.0937     0.126     0.941     0.154      1.31       211      1.41      0.266      0.324      0.325
  51/100     337/337     0.094     0.125     0.937     0.148       1.3       263      1.42      0.303      0.372      0.341
  52/100     337/337    0.0935     0.118      0.93     0.149      1.29       215      1.44      0.301      0.369       0.34
  53/100     337/337    0.0936     0.117     0.926     0.148      1.28       223      1.37        0.3       0.37      0.337
  54/100     337/337    0.0935     0.118     0.934     0.148      1.29       259      1.44      0.303      0.369      0.341
  55/100     337/337    0.0936     0.117     0.923     0.148      1.28       256      1.44      0.302       0.37      0.341
  56/100     337/337    0.0936     0.118     0.929     0.148      1.29       236      1.44      0.302      0.371       0.34
  57/100     337/337     0.093     0.118     0.928      0.15      1.29       239      1.47      0.303      0.373      0.341
  58/100     337/337    0.0933     0.117     0.916     0.146      1.27       228      1.48      0.302      0.371      0.341
  59/100     337/337    0.0933     0.116     0.919     0.146      1.28       226      1.43      0.304      0.371      0.342
  60/100     337/337    0.0925     0.117     0.924     0.146      1.28       253      1.44      0.302      0.369      0.341
  61/100     337/337    0.0926     0.116     0.912     0.145      1.26       221      1.43      0.302      0.371      0.341
  62/100     337/337    0.0925     0.116     0.916     0.146      1.27       255      1.46      0.304      0.371      0.343
  63/100     337/337    0.0931     0.116      0.92     0.146      1.28       320      1.48      0.305      0.374      0.344
  64/100     337/337    0.0927     0.116     0.915     0.145      1.27       238      1.41      0.306      0.371      0.344
  65/100     337/337    0.0919     0.115     0.919     0.144      1.27       285      1.54      0.305      0.375      0.342
  66/100     337/337    0.0921     0.116     0.908     0.146      1.26       222      1.47      0.303      0.375      0.341
  67/100     337/337    0.0931     0.116     0.919     0.145      1.27       211      1.37      0.301      0.373      0.338
  68/100     337/337    0.0926     0.115     0.917     0.144      1.27       249      1.46      0.304       0.37      0.342
  69/100     337/337    0.0922     0.116     0.912     0.143      1.26       228      1.44      0.306      0.372      0.344
  70/100     337/337    0.0921     0.116     0.913     0.145      1.27       285      1.41      0.303      0.372      0.341
  71/100     337/337    0.0923     0.116     0.916     0.143      1.27       278      1.36      0.305      0.375      0.343
  72/100     337/337    0.0917     0.117     0.918     0.146      1.27       265       1.5      0.304       0.37      0.343
  73/100     337/337    0.0921     0.115     0.915     0.143      1.27       244      1.43      0.303      0.373       0.34
  74/100     337/337    0.0919     0.115     0.915     0.143      1.26       268      1.36      0.305      0.373      0.344
  75/100     337/337    0.0921     0.115     0.905      0.14      1.25       247      1.37      0.305      0.372      0.343
  76/100     337/337    0.0923     0.116     0.908     0.142      1.26       221      1.39      0.302      0.374      0.339
  77/100     337/337    0.0922     0.116     0.906     0.141      1.26       250      1.37      0.304      0.369      0.343
  78/100     337/337    0.0919     0.115     0.908      0.14      1.25       240       1.4      0.303      0.374       0.34
  79/100     337/337    0.0922     0.115     0.912     0.142      1.26       258      1.34      0.305       0.37      0.344
  80/100     337/337    0.0923     0.116     0.904     0.142      1.26       264      1.46      0.303      0.371      0.341
  81/100     337/337    0.0924     0.116     0.911     0.141      1.26       197      1.42      0.305       0.37      0.344
  82/100     337/337    0.0927     0.115     0.908     0.141      1.26       224      1.46      0.303      0.373      0.342
  83/100     337/337    0.0923     0.115      0.91     0.143      1.26       233      1.37      0.305      0.374      0.345
  84/100     337/337    0.0919     0.115     0.904      0.14      1.25       205       1.4      0.303      0.373      0.341
  85/100     337/337    0.0918     0.115     0.907     0.138      1.25       234      1.41      0.305      0.375      0.344
  86/100     337/337    0.0921     0.115     0.906     0.141      1.25       229      1.51      0.303      0.373      0.341
  87/100     337/337    0.0911     0.115     0.905     0.141      1.25       248      1.51      0.304      0.371      0.342
  88/100     337/337    0.0919     0.116     0.901      0.14      1.25       225      1.41      0.304      0.371      0.342
  89/100     337/337     0.091     0.115     0.909     0.138      1.25       250       1.5      0.305      0.375      0.344
  90/100     337/337    0.0916     0.115       0.9     0.139      1.25       246      1.37      0.305      0.375      0.344
  91/100     337/337     0.091     0.114     0.895     0.136      1.24       289       1.4      0.306      0.374      0.343
  92/100     337/337    0.0918     0.115     0.909      0.14      1.26       230       1.4      0.307      0.378      0.344
  93/100     337/337    0.0919     0.115     0.906     0.139      1.25       211      1.41      0.306      0.371      0.345
  94/100     337/337    0.0921     0.115     0.905      0.14      1.25       258      1.38      0.307      0.375      0.346
  95/100     337/337    0.0913     0.115     0.899     0.139      1.24       242      1.39      0.303      0.371      0.342
  96/100     337/337    0.0919     0.114     0.905     0.139      1.25       218      1.42      0.305      0.373      0.344
  97/100     337/337    0.0915     0.114     0.895     0.139      1.24       215      1.44      0.306      0.371      0.345
  98/100     337/337    0.0912     0.114     0.898     0.135      1.24       218      1.47      0.306      0.374      0.344
  99/100     337/337    0.0915     0.115     0.904     0.138      1.25       247      1.36      0.305      0.375      0.343
