   1/100     337/337     0.264      1.25      6.46      1.03         9       269       2.1          0          0          0
   2/100     337/337     0.248      2.54      2.87     0.724      6.39       212      2.01          0          0          0
   3/100     337/337     0.238     0.492      2.65     0.649      4.03       255      1.97    0.00553     0.0241    0.00708
   4/100     337/337     0.235     0.847      2.64     0.624      4.34       204      2.12   0.000116    0.00103   0.000168
   5/100     337/337     0.234     0.452      2.63     0.602      3.92       275      2.13    0.00381     0.0202    0.00452
   6/100     337/337     0.227     0.414      2.44     0.561      3.65       210      2.12     0.0124     0.0316     0.0236
   7/100     337/337     0.221       0.4      2.37     0.532      3.53       275      2.01     0.0178     0.0283     0.0317
   8/100     337/337     0.217     0.387      2.31     0.515      3.43       226      2.02    0.00794     0.0225     0.0203
   9/100     337/337     0.213     0.387      2.27     0.501      3.38       208      1.99     0.0303     0.0577     0.0435
  10/100     337/337      0.21     0.365      2.21     0.488      3.27       246      2.08     0.0261     0.0819     0.0323
  11/100     337/337     0.207     0.353      2.17     0.473      3.21       269      1.96     0.0213     0.0495     0.0363
  12/100     337/337     0.204     0.344      2.13     0.464      3.14       225      2.13     0.0264     0.0695     0.0359
  13/100     337/337     0.202     0.333      2.08     0.452      3.07       268      2.05     0.0284     0.0681     0.0381
  14/100     337/337       0.2     0.327      2.04     0.438         3       250      2.09     0.0205     0.0635     0.0307
  15/100     337/337     0.195     0.318      1.99     0.434      2.94       187         2     0.0265     0.0988     0.0317
  16/100     337/337     0.193      0.31      1.96     0.422      2.89       204      2.08     0.0431     0.0729     0.0601
  17/100     337/337     0.189     0.307      1.92     0.413      2.82       337      2.03     0.0283     0.0759     0.0454
  18/100     337/337     0.188     0.302      1.89      0.41      2.79       245      2.02     0.0394     0.0809     0.0555
  19/100     337/337     0.185     0.291      1.86       0.4      2.74       241      2.16     0.0516      0.119     0.0638
  20/100     337/337     0.181     0.289      1.84     0.392       2.7       262      2.16      0.045     0.0896     0.0592
  21/100     337/337     0.179     0.287      1.82     0.388      2.68       225      1.99     0.0611     0.0746      0.103
  22/100     337/337     0.179     0.274       1.8     0.385      2.63       283      2.07     0.0561     0.0949     0.0804
  23/100     337/337     0.176     0.268      1.77     0.381      2.59       252      2.04      0.045     0.0931     0.0584
  24/100     337/337     0.173     0.266      1.74     0.374      2.56       255         2     0.0627       0.13     0.0759
  25/100     337/337     0.172     0.259      1.72     0.369      2.52       223      2.06     0.0501     0.0784     0.0831
  26/100     337/337      0.17     0.258      1.71     0.365       2.5       220      1.99      0.053     0.0982       0.07
  27/100     337/337     0.168     0.256      1.69     0.361      2.48       274      1.99     0.0762      0.134     0.0945
  28/100     337/337     0.167     0.252      1.67     0.358      2.45       230      1.98     0.0573      0.101      0.084
  29/100     337/337     0.165     0.256      1.65     0.357      2.43       217      1.99     0.0621     0.0974     0.0875
  30/100     337/337     0.164     0.245      1.64     0.352       2.4       226      2.08     0.0723      0.127     0.0997
  31/100     337/337     0.161     0.243      1.61     0.344      2.36       266      2.09     0.0606      0.102     0.0932
  32/100     337/337      0.16     0.243       1.6      0.34      2.34       211       2.2     0.0667      0.143     0.0804
  33/100     337/337      0.16     0.239      1.58     0.337      2.32       211      2.16     0.0731       0.16     0.0891
  34/100     337/337     0.158     0.239      1.58     0.335      2.31       235      2.11     0.0593      0.125     0.0745
  35/100     337/337     0.156     0.231      1.56     0.334      2.28       202      2.07     0.0599     0.0999     0.0899
  36/100     337/337     0.156     0.229      1.55     0.331      2.27       214      2.11      0.077      0.109        0.1
  37/100     337/337     0.154     0.225      1.54     0.325      2.24       282      2.08        0.1      0.131      0.126
  38/100     337/337     0.153     0.224      1.52     0.324      2.22       272      2.09     0.0555      0.117     0.0812
  39/100     337/337     0.151     0.224      1.51     0.322       2.2       257      2.15     0.0753      0.191      0.092
  40/100     337/337      0.15     0.233      1.49     0.317      2.19       225      2.11     0.0938      0.136      0.121
  41/100     337/337     0.149     0.216      1.48     0.313      2.16       168      2.09     0.0833      0.167      0.101
  42/100     337/337     0.148     0.218      1.48     0.316      2.16       216      2.05     0.0817      0.112      0.112
  43/100     337/337     0.146     0.219      1.46     0.307      2.13       224      2.14      0.091      0.144      0.126
  44/100     337/337     0.145     0.213      1.44     0.303       2.1       153      1.95     0.0831      0.148      0.117
  45/100     337/337     0.144     0.211      1.43     0.303      2.09       216      1.99     0.0964      0.139       0.13
  46/100     337/337     0.143     0.208      1.42     0.301      2.07       255         2      0.102      0.157      0.131
  47/100     337/337     0.143     0.207      1.41     0.297      2.06       234      2.12     0.0848      0.171      0.103
  48/100     337/337     0.142     0.205       1.4     0.295      2.04       220      2.13      0.079       0.15      0.105
  49/100     337/337     0.141     0.202      1.39     0.292      2.03       286      2.08     0.0995      0.163      0.124
  50/100     337/337      0.14     0.203      1.39     0.294      2.02       211      2.03     0.0754      0.131      0.105
  51/100     337/337     0.139     0.197      1.36     0.285      1.98       263      2.13      0.137      0.203      0.161
  52/100     337/337     0.137     0.187      1.33     0.285      1.94       215      2.08      0.137      0.203      0.162
  53/100     337/337     0.136     0.184      1.34      0.28      1.94       223      2.12      0.138      0.211       0.16
  54/100     337/337     0.136     0.186      1.34     0.282      1.94       259      2.14      0.139      0.205      0.162
  55/100     337/337     0.136     0.184      1.33     0.279      1.92       256      2.09      0.141      0.207      0.165
  56/100     337/337     0.136     0.183      1.32     0.279      1.92       236      2.18       0.14      0.213       0.16
  57/100     337/337     0.136     0.184      1.33     0.282      1.93       239      2.08      0.139      0.215       0.16
  58/100     337/337     0.136     0.183      1.32     0.276      1.91       228      2.15      0.136      0.205      0.159
  59/100     337/337     0.136     0.183      1.31     0.278      1.91       226      2.09      0.138      0.209      0.161
  60/100     337/337     0.135     0.183      1.31     0.277      1.91       253      2.09      0.137      0.208      0.161
  61/100     337/337     0.135     0.181       1.3     0.277      1.89       221      1.99      0.139      0.213      0.161
  62/100     337/337     0.134     0.183      1.31     0.279      1.91       255      2.03      0.138      0.219      0.158
  63/100     337/337     0.134     0.182      1.31     0.277      1.91       320      1.98      0.141      0.206      0.164
  64/100     337/337     0.135     0.183      1.31     0.276       1.9       238      2.08      0.144      0.207      0.169
  65/100     337/337     0.134     0.181      1.31     0.277       1.9       285      2.09      0.144      0.213      0.168
  66/100     337/337     0.133     0.181       1.3     0.279      1.89       222      2.06       0.14      0.215      0.161
  67/100     337/337     0.135      0.18       1.3     0.276      1.89       211       2.1      0.138      0.223      0.159
  68/100     337/337     0.134      0.18       1.3      0.27      1.89       249      1.99      0.144      0.207      0.167
  69/100     337/337     0.134     0.181       1.3     0.274      1.89       228      2.11      0.145      0.217      0.166
  70/100     337/337     0.133      0.18      1.29     0.276      1.88       285      2.09      0.142      0.216      0.165
  71/100     337/337     0.133      0.18       1.3     0.276      1.89       278      2.07      0.141      0.213      0.162
  72/100     337/337     0.133      0.18      1.29     0.274      1.88       265      2.16      0.142      0.218      0.163
  73/100     337/337     0.132     0.179      1.29     0.273      1.88       244       2.1      0.137      0.211      0.159
  74/100     337/337     0.133     0.179      1.29     0.274      1.88       268      1.96      0.144       0.22      0.167
  75/100     337/337     0.132     0.179      1.28     0.268      1.86       247      2.11      0.143      0.216      0.165
  76/100     337/337     0.133      0.18      1.28     0.272      1.87       221      2.07      0.142      0.215      0.164
  77/100     337/337     0.132     0.178      1.28     0.271      1.86       250      2.02      0.144      0.221      0.163
  78/100     337/337     0.133     0.179      1.29     0.271      1.87       240      1.97      0.145      0.215      0.167
  79/100     337/337     0.132     0.178      1.28     0.271      1.87       258      1.98      0.146      0.209       0.17
  80/100     337/337     0.132      0.18      1.27     0.271      1.86       264      2.12      0.143      0.208      0.167
  81/100     337/337     0.132     0.178      1.28     0.271      1.86       197      2.03      0.142      0.202      0.168
  82/100     337/337     0.133     0.179      1.27      0.27      1.86       224      2.09      0.147      0.214      0.171
  83/100     337/337     0.132     0.178      1.28     0.269      1.86       233      2.04      0.147      0.214      0.169
  84/100     337/337     0.132     0.177      1.27     0.268      1.85       205      2.09      0.141      0.219      0.162
  85/100     337/337     0.131     0.178      1.28     0.268      1.85       234      2.12      0.142      0.212      0.164
  86/100     337/337     0.132     0.178      1.27      0.27      1.85       229      2.07      0.143      0.223      0.163
  87/100     337/337     0.131     0.178      1.27     0.271      1.85       248      2.17      0.145      0.215      0.169
  88/100     337/337     0.132     0.178      1.27      0.27      1.85       225       2.1      0.147      0.219      0.172
  89/100     337/337     0.131     0.177      1.27     0.267      1.85       250      1.95      0.146      0.212       0.17
  90/100     337/337     0.131     0.177      1.26     0.269      1.84       246      2.13      0.146      0.223      0.169
  91/100     337/337      0.13     0.178      1.26     0.264      1.83       289      2.12      0.149      0.215      0.174
  92/100     337/337     0.132     0.177      1.27     0.271      1.85       230      2.08      0.146      0.222      0.169
  93/100     337/337      0.13     0.176      1.27     0.266      1.85       211      2.08      0.151      0.217      0.175
  94/100     337/337     0.131     0.176      1.27     0.267      1.85       258         2      0.147      0.215       0.17
  95/100     337/337     0.131     0.176      1.26     0.267      1.83       242      1.98      0.145      0.208      0.168
  96/100     337/337     0.131     0.177      1.27     0.268      1.84       218      2.12       0.15      0.209      0.176
  97/100     337/337     0.131     0.177      1.26      0.27      1.84       215      2.04      0.145      0.213      0.168
  98/100     337/337      0.13     0.176      1.26     0.262      1.83       218      2.12      0.147      0.222       0.17
  99/100     337/337      0.13     0.176      1.26     0.266      1.83       247      2.19      0.145      0.215      0.168
 101/200     337/337      0.13     0.174      1.26     0.265      1.82       269      2.27      0.149       0.19      0.179
 102/200     337/337      0.13     0.177      1.26     0.263      1.83       212       2.1      0.149      0.188      0.179
 103/200     337/337      0.13     0.175      1.25     0.264      1.82       255       2.1      0.145      0.196       0.17
 104/200     337/337      0.13     0.174      1.25     0.265      1.82       204       2.2      0.145      0.186      0.172
 105/200     337/337     0.129     0.174      1.25     0.264      1.82       275      2.14      0.147      0.198      0.174
 106/200     337/337      0.13     0.174      1.25     0.265      1.82       210      2.02      0.148      0.188      0.176
 107/200     337/337      0.13     0.174      1.26     0.264      1.82       275      2.08      0.146      0.185      0.176
 108/200     337/337      0.13     0.174      1.26     0.262      1.82       226      2.18      0.151      0.182      0.182
 109/200     337/337     0.129     0.174      1.26     0.264      1.83       208      2.19      0.147      0.201      0.173
 110/200     337/337     0.129     0.174      1.24     0.263      1.81       246      1.97      0.146      0.191      0.172
 111/200     337/337     0.129     0.173      1.25     0.261      1.81       269      2.22      0.146      0.194      0.173
 112/200     337/337     0.129     0.174      1.26     0.261      1.82       225      2.14      0.148      0.209      0.172
 113/200     337/337      0.13     0.173      1.24      0.26      1.81       268      2.12      0.148      0.205      0.173
 114/200     337/337     0.129     0.173      1.24     0.261      1.81       250      1.95      0.148       0.19      0.176
 115/200     337/337     0.129     0.173      1.25     0.263      1.82       187      2.03      0.148      0.198      0.175
 116/200     337/337     0.129     0.172      1.24     0.261       1.8       204      2.08      0.146      0.187      0.174
 117/200     337/337     0.129     0.173      1.23     0.259      1.79       337      2.13      0.145      0.206      0.171
 118/200     337/337     0.129     0.173      1.23     0.263       1.8       245      2.08      0.152        0.2      0.179
 119/200     337/337     0.129     0.172      1.23     0.257      1.79       241      2.19      0.149      0.199      0.175
 120/200     337/337     0.128     0.171      1.24     0.256      1.79       262      2.15      0.143      0.185      0.171
 121/200     337/337     0.128     0.171      1.24     0.259       1.8       225      2.08      0.152      0.178      0.185
 122/200     337/337     0.128     0.171      1.23     0.258      1.79       283      2.09      0.146      0.191      0.174
 123/200     337/337     0.129      0.17      1.23      0.26      1.79       252       2.1      0.147      0.203      0.171
 124/200     337/337     0.127      0.17      1.22     0.257      1.78       255      2.12       0.15      0.191      0.178
 125/200     337/337     0.128     0.171      1.22     0.257      1.78       223      2.09      0.151      0.197      0.178
 126/200     337/337     0.128     0.171      1.23      0.26      1.78       220      1.99       0.15      0.193      0.177
 127/200     337/337     0.127     0.169      1.22     0.255      1.77       274       2.1      0.148      0.199      0.175
 128/200     337/337     0.128     0.171      1.22     0.257      1.78       230      1.96      0.151      0.213      0.175
 129/200     337/337     0.127     0.169      1.22     0.259      1.78       217      1.98      0.149      0.192      0.177
 130/200     337/337     0.128     0.169      1.22     0.256      1.77       226      2.07      0.151      0.197      0.179
 131/200     337/337     0.126     0.169       1.2     0.254      1.75       266      2.05      0.152      0.189      0.182
 132/200     337/337     0.126     0.168      1.21     0.253      1.76       211      2.07      0.146      0.197      0.172
 133/200     337/337     0.127      0.17       1.2     0.253      1.75       211      2.14      0.148      0.202      0.173
 134/200     337/337     0.127     0.169      1.21     0.252      1.76       235      2.13      0.146      0.199      0.172
 135/200     337/337     0.127     0.168      1.21     0.254      1.76       202       2.1      0.147      0.195      0.172
 136/200     337/337     0.127     0.168       1.2     0.254      1.75       214      2.12      0.147      0.192      0.174
 137/200     337/337     0.127     0.168       1.2     0.251      1.75       282      2.09      0.148      0.201      0.177
 138/200     337/337     0.127     0.168       1.2     0.252      1.74       272      2.03      0.154      0.197      0.182
 139/200     337/337     0.126     0.168      1.19     0.254      1.74       257      2.12      0.149      0.215      0.171
 140/200     337/337     0.126     0.169      1.18     0.248      1.73       225      2.08       0.15      0.209      0.174
 141/200     337/337     0.126     0.166      1.18     0.249      1.72       168      1.96      0.151      0.213      0.175
 142/200     337/337     0.126     0.168      1.19     0.252      1.73       216       2.1      0.146      0.196       0.17
 143/200     337/337     0.125     0.166      1.18     0.246      1.71       224      2.02      0.149      0.196      0.176
 144/200     337/337     0.125     0.166      1.17     0.247      1.71       153      2.13      0.151      0.199      0.178
 145/200     337/337     0.125     0.166      1.17     0.248      1.71       216      2.16      0.148      0.187      0.175
 146/200     337/337     0.125     0.166      1.16     0.246       1.7       255      2.19      0.156      0.194      0.184
 147/200     337/337     0.125     0.165      1.16     0.245      1.69       234      2.14      0.149      0.203      0.174
 148/200     337/337     0.126     0.164      1.15     0.245      1.69       220      1.96      0.151      0.191      0.181
 149/200     337/337     0.125     0.164      1.15     0.243      1.68       286      2.01      0.153      0.203      0.179
 150/200     337/337     0.125     0.163      1.15     0.246      1.68       211      2.12      0.149      0.204      0.175
 151/200     337/337     0.127     0.169      1.21     0.251      1.76       263      2.06      0.153      0.198      0.181
 152/200     337/337     0.127     0.169       1.2     0.254      1.75       215      2.04      0.153      0.189      0.183
 153/200     337/337     0.126     0.168      1.21      0.25      1.75       223      2.16      0.153      0.209      0.178
 154/200     337/337     0.126     0.169      1.21     0.252      1.76       259      2.05      0.151      0.196       0.18
 155/200     337/337     0.126     0.168       1.2      0.25      1.74       256      2.08      0.151      0.201      0.178
 156/200     337/337     0.126     0.168       1.2      0.25      1.74       236      1.99       0.15      0.203      0.174
 157/200     337/337     0.126     0.169      1.21     0.253      1.75       239      2.13      0.155      0.221      0.179
 158/200     337/337     0.126     0.167       1.2     0.247      1.74       228      2.13       0.15      0.196      0.178
 159/200     337/337     0.126     0.167       1.2     0.249      1.74       226         2      0.153      0.196       0.18
 160/200     337/337     0.125     0.167      1.19     0.249      1.73       253      2.11       0.15      0.198      0.177
 161/200     337/337     0.125     0.166      1.19     0.249      1.73       221      2.04       0.15      0.203      0.176
 162/200     337/337     0.125     0.168       1.2     0.251      1.74       255      1.98      0.153      0.215      0.177
 163/200     337/337     0.125     0.167       1.2     0.249      1.74       320      2.15      0.155      0.192      0.184
 164/200     337/337     0.126     0.167      1.19     0.248      1.73       238      2.13      0.154      0.191      0.185
 165/200     337/337     0.124     0.166      1.19     0.249      1.73       285      1.97      0.155      0.195      0.183
 166/200     337/337     0.124     0.167      1.19     0.251      1.73       222      2.13      0.153      0.203      0.178
 167/200     337/337     0.126     0.166      1.19     0.249      1.73       211      2.16      0.149      0.208      0.173
 168/200     337/337     0.125     0.165      1.19     0.244      1.72       249      2.07      0.156      0.198      0.183
 169/200     337/337     0.125     0.167      1.18     0.248      1.72       228      1.99      0.157      0.207      0.185
 170/200     337/337     0.124     0.166      1.18     0.249      1.71       285      1.99      0.154      0.205      0.181
 171/200     337/337     0.124     0.166      1.19     0.248      1.72       278      2.08       0.15      0.203      0.174
 172/200     337/337     0.124     0.166      1.18     0.247      1.72       265      2.09      0.153      0.203      0.181
 173/200     337/337     0.124     0.165      1.18     0.247      1.72       244      2.12      0.153      0.198       0.18
 174/200     337/337     0.124     0.165      1.18     0.246      1.72       268      2.14      0.154      0.208      0.181
 175/200     337/337     0.124     0.165      1.17     0.241       1.7       247      2.08       0.15      0.201      0.176
 176/200     337/337     0.124     0.166      1.17     0.245      1.71       221      2.16      0.149      0.199      0.175
 177/200     337/337     0.124     0.164      1.17     0.244      1.71       250      2.14      0.154      0.213      0.178
 178/200     337/337     0.124     0.165      1.18     0.245      1.71       240       2.1      0.157      0.204      0.184
 179/200     337/337     0.124     0.164      1.18     0.245      1.71       258      2.18      0.156       0.19      0.185
 180/200     337/337     0.124     0.166      1.17     0.245       1.7       264      1.98      0.154      0.192      0.183
 181/200     337/337     0.124     0.165      1.17     0.245       1.7       197      2.07      0.154      0.187      0.185
 182/200     337/337     0.124     0.166      1.17     0.245       1.7       224         2      0.156      0.199      0.185
 183/200     337/337     0.124     0.164      1.17     0.243      1.71       233      2.14      0.158      0.214      0.182
 184/200     337/337     0.124     0.163      1.17     0.242       1.7       205      2.14      0.154      0.216      0.178
 185/200     337/337     0.123     0.165      1.17     0.242       1.7       234      2.12      0.156      0.211       0.18
 186/200     337/337     0.124     0.165      1.17     0.244       1.7       229      2.06      0.156      0.207      0.181
 187/200     337/337     0.123     0.164      1.16     0.245       1.7       248         2      0.157      0.209      0.184
 188/200     337/337     0.124     0.165      1.16     0.244       1.7       225      2.18       0.16      0.214      0.185
 189/200     337/337     0.122     0.163      1.17     0.242      1.69       250      1.98       0.16      0.215      0.185
 190/200     337/337     0.123     0.163      1.16     0.243      1.69       246      2.06      0.157      0.206      0.185
 191/200     337/337     0.122     0.165      1.16     0.238      1.69       289       2.1      0.158      0.191       0.19
 192/200     337/337     0.124     0.164      1.17     0.246      1.71       230       2.2      0.156      0.207      0.181
 193/200     337/337     0.122     0.163      1.17     0.241      1.69       211      1.99      0.159      0.207      0.187
 194/200     337/337     0.123     0.163      1.17     0.242       1.7       258      1.99      0.159      0.207      0.186
 195/200     337/337     0.123     0.163      1.15     0.241      1.68       242      2.12      0.153      0.199       0.18
 196/200     337/337     0.123     0.164      1.16     0.242      1.69       218      2.05      0.162      0.192      0.194
 197/200     337/337     0.123     0.164      1.16     0.244      1.69       215      2.01      0.153      0.202       0.18
 198/200     337/337     0.122     0.163      1.16     0.237      1.68       218      1.99       0.16      0.222      0.186
 199/200     337/337     0.122     0.163      1.16     0.241      1.68       247      2.17      0.154      0.209       0.18
