   1/100     337/337     0.218     0.372      3.55     0.741      4.88       269      1.94     0.0885      0.122      0.144
   2/100     337/337     0.167     0.233      1.31     0.439      2.15       212      1.94      0.114      0.164      0.163
   3/100     337/337     0.147     0.206      1.19     0.366      1.91       255      1.97      0.105      0.147      0.169
   4/100     337/337     0.136     0.204      1.13     0.329      1.79       204      2.01      0.177      0.225      0.225
   5/100     337/337     0.126     0.163      1.09     0.295      1.68       275      1.95      0.141      0.197      0.195
   6/100     337/337     0.119     0.162      1.06     0.276      1.61       210      2.04      0.165      0.218      0.232
   7/100     337/337     0.114     0.155      1.03     0.262      1.56       275         2      0.192      0.253      0.242
   8/100     337/337     0.109      0.15      1.01     0.249      1.52       226      2.06      0.186      0.237      0.238
   9/100     337/337     0.105     0.146     0.997     0.236      1.48       208         2      0.198      0.262      0.241
  10/100     337/337     0.103     0.146     0.979     0.229      1.46       246      1.95      0.225       0.28      0.276
  11/100     337/337     0.101      0.14     0.962      0.22      1.42       269      1.99       0.23      0.293       0.29
  12/100     337/337    0.0983     0.141     0.956     0.212      1.41       225      2.04      0.263      0.306        0.3
  13/100     337/337     0.097     0.135     0.939     0.207      1.38       268      2.01       0.27      0.329      0.312
  14/100     337/337    0.0949     0.133     0.927     0.203      1.36       250      2.02      0.272      0.326      0.309
  15/100     337/337    0.0934     0.131     0.923     0.197      1.34       187      1.94      0.269       0.33       0.31
  16/100     337/337    0.0926     0.134     0.903     0.194      1.32       204      1.95      0.258      0.314      0.306
  17/100     337/337    0.0905     0.133     0.895     0.187      1.31       337      1.94      0.257      0.314       0.31
  18/100     337/337      0.09     0.132     0.891     0.187       1.3       245      2.07      0.268      0.311      0.317
  19/100     337/337    0.0889     0.125     0.876     0.179      1.27       241      2.07      0.272      0.331      0.317
  20/100     337/337    0.0877     0.123     0.881     0.177      1.27       262       2.1      0.248      0.305      0.312
  21/100     337/337    0.0869     0.128      0.87     0.175      1.26       225      1.99        0.3       0.35      0.341
  22/100     337/337    0.0863     0.121     0.857     0.171      1.24       283      1.98      0.304      0.359      0.345
  23/100     337/337    0.0851      0.12      0.85     0.168      1.22       252      1.96      0.271      0.313      0.319
  24/100     337/337    0.0852     0.122     0.842     0.165      1.21       255         2      0.247      0.301      0.302
  25/100     337/337    0.0844     0.121     0.841     0.162      1.21       223      1.99      0.306      0.386      0.344
  26/100     337/337    0.0834     0.116     0.839     0.162       1.2       220      1.93       0.28       0.32      0.334
  27/100     337/337    0.0836     0.117     0.835     0.155      1.19       274      1.95      0.276      0.345      0.317
  28/100     337/337    0.0827     0.115     0.824     0.155      1.18       230      2.03      0.272      0.337      0.338
  29/100     337/337    0.0817     0.115     0.819     0.153      1.17       217      1.99      0.292      0.348      0.336
  30/100     337/337    0.0815     0.113     0.817     0.151      1.16       226      3.58      0.309      0.372      0.348
  31/100     337/337    0.0804     0.111     0.804     0.144      1.14       266      1.96      0.299      0.352      0.338
  32/100     337/337    0.0801     0.112     0.808     0.144      1.14       211      1.94      0.277      0.328      0.334
  33/100     337/337    0.0803     0.115     0.794     0.143      1.13       211      2.03      0.322      0.396       0.36
  34/100     337/337    0.0793     0.111     0.789      0.14      1.12       235      1.98      0.257      0.319      0.297
  35/100     337/337    0.0791     0.113     0.789     0.137      1.12       202      1.97      0.286      0.343      0.334
  36/100     337/337    0.0785     0.113     0.789     0.138      1.12       214      1.97       0.31      0.378       0.35
  37/100     337/337    0.0783     0.109     0.793     0.135      1.11       282      1.98      0.312      0.374      0.355
  38/100     337/337    0.0779     0.109     0.776     0.134       1.1       272      1.98      0.277      0.333      0.321
  39/100     337/337    0.0769     0.109     0.769     0.133      1.09       257      2.03        0.3      0.366      0.342
  40/100     337/337    0.0771     0.109     0.764     0.128      1.08       225      1.91      0.313      0.386       0.35
  41/100     337/337    0.0762     0.107     0.762     0.127      1.07       168       1.9      0.323      0.379      0.364
  42/100     337/337    0.0765     0.105     0.761     0.124      1.07       216         2      0.282      0.336      0.322
  43/100     337/337    0.0754     0.108     0.754     0.123      1.06       224      2.01      0.296      0.348      0.347
  44/100     337/337    0.0755     0.107     0.755     0.122      1.06       153      2.02      0.315      0.373      0.359
  45/100     337/337    0.0748     0.107     0.748     0.119      1.05       216         2      0.313       0.37      0.353
  46/100     337/337    0.0746     0.106     0.747     0.117      1.04       255       1.9      0.295      0.369      0.349
  47/100     337/337     0.074     0.108     0.742     0.118      1.04       234      1.97      0.298      0.363      0.339
  48/100     337/337    0.0745     0.104     0.739     0.118      1.04       220      1.89      0.287      0.351      0.331
  49/100     337/337    0.0739     0.103      0.74     0.113      1.03       286      1.97      0.285      0.352      0.347
  50/100     337/337    0.0737     0.104     0.731     0.113      1.02       211      1.96      0.327      0.378      0.369
  51/100     337/337    0.0732    0.0985     0.728     0.111      1.01       263      2.03      0.348      0.412      0.384
  52/100     337/337    0.0726    0.0953     0.719      0.11     0.998       215      2.04      0.349      0.415      0.385
  53/100     337/337    0.0728    0.0946     0.719     0.109     0.996       223         2      0.348      0.414      0.384
  54/100     337/337    0.0727    0.0945     0.721     0.109     0.997       259         2      0.346       0.41      0.383
  55/100     337/337     0.073    0.0941     0.713     0.108     0.988       256      1.89      0.349      0.408      0.386
  56/100     337/337    0.0723    0.0941     0.721     0.108     0.995       236      1.99      0.348      0.414      0.384
  57/100     337/337    0.0724     0.095     0.719     0.111     0.997       239         2      0.349      0.414      0.385
  58/100     337/337    0.0725    0.0938     0.709     0.107     0.982       228      1.94      0.349      0.409      0.385
  59/100     337/337    0.0722    0.0934     0.711     0.109     0.985       226      2.02       0.35      0.412      0.386
  60/100     337/337    0.0722    0.0935     0.712     0.108     0.986       253      1.96      0.348      0.412      0.385
  61/100     337/337    0.0717    0.0928     0.707     0.107     0.978       221      2.01      0.348      0.412      0.385
  62/100     337/337    0.0717    0.0934     0.704     0.107     0.976       255      1.94      0.349      0.411      0.385
  63/100     337/337    0.0718    0.0938     0.709     0.108     0.983       320      1.95      0.349      0.416      0.384
  64/100     337/337    0.0716    0.0934     0.708     0.106     0.979       238      2.01      0.347      0.411      0.384
  65/100     337/337    0.0713     0.093     0.711     0.106     0.982       285      1.95       0.35      0.417      0.386
  66/100     337/337    0.0712    0.0932     0.703     0.107     0.974       222      1.94       0.35      0.416      0.386
  67/100     337/337    0.0721     0.093     0.704     0.107     0.976       211      2.06      0.348      0.418      0.384
  68/100     337/337     0.072    0.0923     0.704     0.105     0.974       249      1.97      0.348      0.414      0.384
  69/100     337/337    0.0717    0.0936     0.703     0.105     0.973       228      2.01       0.35      0.413      0.386
  70/100     337/337    0.0712    0.0933     0.704     0.107     0.976       285      1.97      0.348      0.411      0.383
  71/100     337/337    0.0719    0.0935     0.703     0.104     0.973       278      1.99      0.349      0.414      0.385
  72/100     337/337    0.0712    0.0934     0.706     0.107     0.977       265      1.93       0.35      0.409      0.386
  73/100     337/337    0.0714     0.093     0.708     0.105     0.977       244      2.07       0.35      0.416      0.386
  74/100     337/337    0.0713    0.0928       0.7     0.104     0.968       268      1.97       0.35      0.414      0.387
  75/100     337/337    0.0709    0.0923     0.694     0.102     0.959       247         2       0.35      0.412      0.385
  76/100     337/337    0.0714    0.0923     0.692     0.105     0.961       221      1.96      0.349      0.415      0.384
  77/100     337/337    0.0715     0.093       0.7     0.105     0.969       250      1.96      0.348      0.408      0.385
  78/100     337/337    0.0711    0.0924     0.698     0.104     0.966       240      1.98      0.348      0.414      0.384
  79/100     337/337    0.0714    0.0924     0.697     0.104     0.964       258      1.92       0.35      0.411      0.386
  80/100     337/337    0.0716    0.0933     0.699     0.103     0.967       264      1.94      0.349      0.413      0.385
  81/100     337/337    0.0712     0.093     0.702     0.104      0.97       197      1.87      0.351      0.411      0.387
  82/100     337/337    0.0717    0.0931       0.7     0.103     0.968       224      1.92       0.35      0.414      0.387
  83/100     337/337    0.0718    0.0931     0.702     0.104     0.972       233      2.01       0.35      0.411      0.386
  84/100     337/337    0.0715    0.0922     0.698     0.102     0.964       205      1.91      0.346       0.41      0.382
  85/100     337/337    0.0712    0.0925     0.697       0.1     0.961       234      1.98      0.352      0.416      0.388
  86/100     337/337    0.0709    0.0926       0.7     0.102     0.966       229      1.92      0.349      0.414      0.385
  87/100     337/337    0.0703    0.0922     0.697     0.103     0.962       248      1.91      0.349      0.411      0.386
  88/100     337/337     0.071    0.0926     0.694     0.103      0.96       225      1.85      0.347      0.408      0.383
  89/100     337/337    0.0707    0.0918     0.694     0.102     0.959       250      1.86      0.351      0.412      0.388
  90/100     337/337    0.0708     0.092     0.692     0.102     0.957       246      1.69       0.35      0.416      0.386
  91/100     337/337    0.0703     0.092     0.683    0.0997     0.945       289      1.97      0.349      0.417      0.385
  92/100     337/337    0.0707    0.0924     0.696     0.102     0.961       230      1.87      0.348      0.415      0.384
  93/100     337/337     0.071     0.092     0.695     0.102      0.96       211      1.76       0.35      0.411      0.387
  94/100     337/337     0.071    0.0927     0.699     0.102     0.964       258       1.9      0.349      0.412      0.386
  95/100     337/337    0.0707    0.0918     0.687     0.101     0.951       242      1.83       0.35      0.411      0.387
  96/100     337/337    0.0706    0.0915      0.69       0.1     0.953       218      2.96      0.351      0.415      0.387
  97/100     337/337    0.0709    0.0925     0.691     0.103     0.957       215      1.89      0.349      0.409      0.386
  98/100     337/337    0.0706    0.0919     0.689    0.0992      0.95       218      4.77      0.352      0.414      0.387
  99/100     337/337    0.0702    0.0919     0.693     0.101     0.956       247      1.97      0.352      0.413      0.389
