701/1400       16/16     0.116     0.124     0.828     0.171      1.24       116      11.7     0.0851      0.125      0.102
702/1400       16/16     0.115     0.122     0.808     0.168      1.21       133       1.2      0.088       0.11      0.108
703/1400       16/16     0.113     0.125      0.81     0.167      1.21       130      1.23     0.0919      0.137       0.11
704/1400       16/16     0.115     0.126     0.832     0.166      1.24       152      1.25     0.0883      0.127      0.106
705/1400       16/16     0.118     0.124      0.84     0.168      1.25       157      1.24      0.096      0.136       0.12
706/1400       16/16     0.117     0.125      0.83     0.168      1.24       116      1.21     0.0857      0.122      0.106
707/1400       16/16     0.119     0.125     0.823     0.169      1.24       150      1.24     0.0943      0.121      0.118
708/1400       16/16     0.118     0.125     0.822     0.167      1.23       109      1.27     0.0874      0.124      0.108
709/1400       16/16     0.116     0.126     0.838     0.167      1.25       154      1.28     0.0947      0.139      0.115
710/1400       16/16     0.118     0.125     0.821     0.171      1.23       146      1.24     0.0937      0.116      0.114
711/1400       16/16     0.116     0.125     0.827     0.167      1.23       120      1.23     0.0929      0.126      0.118
712/1400       16/16     0.119     0.128     0.844     0.169      1.26       121      1.24     0.0868      0.125      0.104
713/1400       16/16     0.114     0.122     0.833     0.169      1.24       154      1.25     0.0932       0.13      0.117
714/1400       16/16     0.118     0.124     0.845     0.167      1.25       114      1.24     0.0878      0.109       0.11
715/1400       16/16     0.118     0.123     0.824     0.166      1.23        82      1.24     0.0882      0.128      0.107
